nbLocalisations 4
nbRessources 4
nbMachines 12
nbProcessus 900
nbServices 891
*******Machines*******
1 12580 12795 27760 19621 9673 11310 21819 16500 
0 13654 13591 32275 15081 11086 12829 27175 11853 
2 12456 15651 26895 12059 9615 12254 25361 10105 
3 17357 18854 20478 14709 12305 16364 15337 12487 
0 9487 11744 20679 13036 7797 9382 16542 12213 
3 8479 9305 12933 11664 6808 7890 10371 9272 
3 10182 12008 23622 13710 9519 8585 19038 12078 
2 13612 16356 28812 13945 11801 13608 22156 9775 
1 10857 11452 17299 14649 9314 9161 16000 12319 
2 7384 7833 17902 11957 6209 5568 15162 8872 
0 8784 8354 15370 10650 8019 6782 11634 8817 
1 10188 10694 19149 10169 9555 9132 15931 9395 
*******Services*******
1
2
0
2
1
0
0
1
2
3
0
0
0
0
0
0
0
0
0
0
0
0
0
0
0
0
0
0
0
0
0
0
0
0
0
0
0
0
0
0
0
0
0
0
0
0
0
0
0
0
0
0
0
0
0
0
0
0
0
0
0
0
0
0
0
0
0
0
0
0
0
0
0
0
0
0
0
0
0
0
0
0
0
0
0
0
0
0
0
0
0
0
0
0
0
0
0
0
0
0
0
0
0
0
0
0
0
0
0
0
0
0
0
0
0
0
0
0
0
0
0
0
0
0
0
0
0
0
0
0
0
0
0
0
0
0
0
0
0
0
0
0
0
0
0
0
0
0
0
0
0
0
0
0
0
0
0
0
0
0
0
0
0
0
0
0
0
0
0
0
0
0
0
0
0
0
0
0
0
0
0
0
0
0
0
0
0
0
0
0
0
0
0
0
0
0
0
0
0
0
0
0
0
0
0
0
0
0
0
0
0
0
0
0
0
0
0
0
0
0
0
0
0
0
0
0
0
0
0
0
0
0
0
0
0
0
0
0
0
0
0
0
0
0
0
0
0
0
0
0
0
0
0
0
0
0
0
0
0
0
0
0
0
0
0
0
0
0
0
0
0
0
0
0
0
0
0
0
0
0
0
0
0
0
0
0
0
0
0
0
0
0
0
0
0
0
0
0
0
0
0
0
0
0
0
0
0
0
0
0
0
0
0
0
0
0
0
0
0
0
0
0
0
0
0
0
0
0
0
0
0
0
0
0
0
0
0
0
0
0
0
0
0
0
0
0
0
0
0
0
0
0
0
0
0
0
0
0
0
0
0
0
0
0
0
0
0
0
0
0
0
0
0
0
0
0
0
0
0
0
0
0
0
0
0
0
0
0
0
0
0
0
0
0
0
0
0
0
0
0
0
0
0
0
0
0
0
0
0
0
0
0
0
0
0
0
0
0
0
0
0
0
0
0
0
0
0
0
0
0
0
0
0
0
0
0
0
0
0
0
0
0
0
0
0
0
0
0
0
0
0
0
0
0
0
0
0
0
0
0
0
0
0
0
0
0
0
0
0
0
0
0
0
0
0
0
0
0
0
0
0
0
0
0
0
0
0
0
0
0
0
0
0
0
0
0
0
0
0
0
0
0
0
0
0
0
0
0
0
0
0
0
0
0
0
0
0
0
0
0
0
0
0
0
0
0
0
0
0
0
0
0
0
0
0
0
0
0
0
0
0
0
0
0
0
0
0
0
0
0
0
0
0
0
0
0
0
0
0
0
0
0
0
0
0
0
0
0
0
0
0
0
0
0
0
0
0
0
0
0
0
0
0
0
0
0
0
0
0
0
0
0
0
0
0
0
0
0
0
0
0
0
0
0
0
0
0
0
0
0
0
0
0
0
0
0
0
0
0
0
0
0
0
0
0
0
0
0
0
0
0
0
0
0
0
0
0
0
0
0
0
0
0
0
0
0
0
0
0
0
0
0
0
0
0
0
0
0
0
0
0
0
0
0
0
0
0
0
0
0
0
0
0
0
0
0
0
0
0
0
0
0
0
0
0
0
0
0
0
0
0
0
0
0
0
0
0
0
0
0
0
0
0
0
0
0
0
0
0
0
0
0
0
0
0
0
0
0
0
0
0
0
0
0
0
0
0
0
0
0
0
0
0
0
0
0
0
0
0
0
0
0
0
0
0
0
0
0
0
0
0
0
0
0
0
0
0
0
0
0
0
0
0
0
0
0
0
0
0
0
0
0
0
0
0
0
0
0
0
0
0
0
0
0
0
0
0
0
0
0
0
0
0
0
0
0
0
0
0
0
0
0
0
0
0
0
0
0
0
0
0
0
0
0
0
0
0
0
0
0
0
0
0
0
0
0
0
0
0
0
0
0
0
0
0
0
0
0
0
0
0
0
0
0
0
0
0
0
0
0
0
0
0
0
0
0
0
0
0
0
0
0
0
0
0
0
0
0
0
0
0
0
0
0
0
0
0
0
0
0
0
0
0
0
0
0
0
0
0
0
0
*******Processus*******
10 41 41 53 82 
11 10 7 6 1 
12 60 38 478 89 
13 62 61 137 34 
14 614 382 1494 90 
15 2 1 12 33 
16 23 13 21 16 
17 1 2 2 28 
18 129 102 152 2 
19 12 7 39 1 
20 1 1 1 21 
21 1 1 5 376 
22 38 69 159 238 
23 11 8 27 6 
24 3 2 1 25 
25 38 25 17 532 
0 1 3 1 23 
26 247 462 152 558 
27 300 336 460 2 
6 39 27 263 5 
28 522 322 92 4 
29 111 120 757 1 
30 6 6 10 2 
31 91 99 60 18 
32 14 15 34 83 
33 16 11 8 32 
34 2 3 16 548 
35 226 223 651 13 
36 4 4 1 31 
37 46 33 188 256 
38 23 25 154 111 
39 6 10 39 1 
40 3 1 12 120 
41 1 1 5 449 
42 66 41 36 6 
43 41 23 26 3 
44 27 18 134 1 
45 9 9 1 447 
46 733 607 5579 2 
47 566 882 384 10 
7 488 360 420 78 
48 38 70 16 42 
49 1 2 1 13 
50 8 17 5 13 
51 64 53 139 34 
52 522 857 854 1 
53 123 74 105 216 
54 67 42 132 102 
55 3 4 1 9 
56 2 2 2 342 
57 1 2 11 2 
58 72 53 39 1 
59 6 10 12 283 
60 115 113 23 410 
61 21 21 150 972 
62 170 271 371 323 
63 6 3 8 54 
64 17 22 4 442 
65 1 2 8 3 
66 11 22 12 2 
67 8 15 38 89 
68 41 67 9 14 
69 416 560 73 24 
70 193 152 236 44 
5 328 453 51 2 
71 2 4 2 2 
72 4 8 4 940 
73 72 91 248 28 
74 28 42 5 840 
75 401 376 959 4 
76 1 1 6 3 
77 79 110 433 484 
78 33 32 51 2 
79 219 183 913 327 
80 12 18 7 54 
81 184 101 557 777 
82 266 319 1779 26 
83 9 9 3 25 
5 370 310 2424 36 
84 104 189 60 380 
85 13 18 8 696 
86 139 217 426 411 
87 8 10 1 2 
88 2 2 1 3 
89 12 11 13 199 
90 9 5 32 51 
91 5 3 2 2 
92 3 3 11 1 
93 513 395 75 397 
94 1 1 3 28 
95 1 1 1 116 
96 31 31 4 931 
97 75 137 209 6 
98 10 10 83 4 
99 14 16 24 1 
100 1 3 1 5 
101 73 54 42 904 
102 22 11 77 204 
103 34 61 28 2 
104 1 2 8 4 
105 14 10 24 1 
106 496 753 1042 106 
107 18 10 21 3 
108 111 89 60 984 
109 119 159 39 3 
110 443 251 2271 527 
111 353 397 99 364 
112 303 392 51 604 
113 336 212 178 16 
114 1 1 3 423 
115 554 969 4218 24 
116 21 33 25 2 
8 166 122 120 47 
117 4 6 7 1 
118 10 18 2 11 
119 212 130 962 46 
120 3 3 23 9 
121 142 230 85 7 
122 217 119 369 89 
123 104 123 21 4 
124 189 318 43 617 
125 52 82 87 107 
126 55 33 205 86 
127 39 29 114 858 
128 3 2 1 7 
129 8 10 4 710 
130 2 5 1 98 
131 1 1 1 859 
132 8 6 26 956 
133 773 868 123 1 
134 16 9 2 653 
135 425 801 100 21 
136 5 3 15 25 
137 6 3 2 28 
138 14 29 2 2 
139 418 210 74 1 
140 195 387 56 1 
141 12 6 50 108 
142 14 12 94 220 
143 79 68 223 197 
144 16 23 8 826 
9 55 65 48 16 
145 14 27 66 488 
146 26 25 178 122 
147 8 12 6 3 
148 7 4 5 10 
149 95 143 129 577 
150 15 14 45 386 
151 118 130 23 92 
152 1 1 1 63 
153 67 45 11 40 
154 25 30 69 128 
155 1 1 1 18 
156 12 14 4 124 
157 4 4 1 774 
158 426 486 896 2 
159 63 38 17 706 
160 226 173 43 387 
161 25 16 10 305 
162 39 67 53 44 
163 8 8 12 1 
164 2 4 18 774 
165 2 1 1 387 
166 88 125 47 2 
167 125 174 104 52 
168 34 18 12 20 
169 2 3 9 1 
170 277 225 180 53 
171 4 4 6 19 
172 52 48 168 400 
173 1 1 8 116 
174 31 57 20 618 
175 104 94 69 3 
176 522 609 1275 854 
177 554 1007 343 344 
178 4 7 11 25 
179 3 4 2 1 
180 16 13 16 26 
181 268 319 1263 2 
182 1 1 4 130 
183 1 1 1 41 
184 5 3 6 501 
185 1 1 1 19 
186 133 70 152 958 
187 81 130 186 1 
188 519 566 308 42 
189 277 233 951 1 
190 31 19 36 2 
191 113 147 168 15 
192 698 1202 2847 8 
193 3 3 1 340 
194 2 2 12 891 
195 7 5 8 7 
196 338 241 782 812 
197 11 6 1 13 
198 18 23 55 34 
199 195 195 33 6 
200 408 561 278 114 
201 4 8 3 4 
202 214 190 1186 461 
203 96 85 606 20 
204 61 56 73 10 
205 60 95 126 9 
206 1 1 1 15 
207 35 38 44 2 
208 8 11 12 5 
209 13 25 87 251 
210 264 286 531 330 
211 64 44 316 5 
212 159 271 56 1 
213 21 42 15 52 
214 125 131 74 949 
215 2 1 3 564 
216 499 322 313 3 
217 4 5 5 13 
218 12 13 92 26 
3 174 177 28 130 
219 65 75 10 3 
220 468 447 1358 25 
221 4 2 8 1 
222 782 743 496 3 
223 7 14 22 54 
224 313 276 877 23 
225 434 225 284 171 
226 3 1 7 913 
227 1 1 1 1 
228 439 420 385 37 
229 7 6 59 130 
230 29 17 16 1 
231 1 2 2 1 
232 1 2 1 4 
233 121 165 944 395 
3 174 259 61 18 
234 3 3 25 144 
235 23 23 10 361 
236 5 10 3 432 
237 96 106 113 590 
238 6 8 1 7 
239 20 16 12 9 
240 1 1 7 31 
241 1 2 8 4 
242 1 1 6 2 
243 640 898 89 7 
244 2 3 1 7 
245 441 367 1219 1 
246 109 55 173 546 
247 3 2 12 1 
248 6 8 30 13 
249 13 19 1 76 
250 50 64 226 7 
251 25 14 6 251 
252 10 8 18 5 
253 16 29 4 115 
254 7 13 25 24 
255 811 624 261 20 
256 3 3 17 168 
257 24 17 81 494 
258 20 21 7 33 
259 23 40 10 789 
260 26 26 85 46 
261 10 9 6 1 
262 2 1 1 10 
263 305 247 100 204 
264 33 29 108 36 
265 74 107 38 38 
266 1 1 1 25 
267 733 599 1458 8 
268 9 8 22 107 
269 766 847 1792 1 
270 55 46 341 6 
271 23 28 26 329 
272 25 22 35 5 
273 1 1 1 16 
274 1 1 1 38 
275 15 10 3 155 
276 7 5 1 1 
277 63 104 94 149 
8 191 284 31 1 
278 123 166 38 22 
279 42 32 37 347 
280 16 19 36 259 
281 2 4 1 241 
282 5 8 4 4 
283 6 5 1 3 
284 3 4 8 105 
285 4 2 1 743 
286 140 76 824 40 
287 111 102 667 105 
288 612 539 160 878 
289 3 4 20 990 
290 29 54 10 18 
291 30 27 78 564 
292 23 44 194 761 
293 786 406 613 1 
294 14 10 10 2 
295 6 12 39 201 
296 29 24 9 73 
297 1 1 7 961 
298 108 184 313 281 
299 190 247 33 1 
300 4 2 27 34 
301 120 68 109 1 
302 61 84 431 1 
303 206 403 275 58 
304 10 8 45 253 
305 3 2 1 177 
306 120 129 278 24 
307 2 3 8 24 
308 22 12 33 27 
309 13 22 19 21 
310 15 16 12 12 
311 15 19 80 5 
312 48 24 13 245 
313 3 2 25 3 
314 422 472 66 255 
315 2 3 16 8 
316 135 238 21 19 
317 1 1 1 18 
318 39 61 80 13 
319 2 1 1 84 
320 143 142 85 305 
321 2 2 3 249 
322 2 1 4 260 
323 32 29 6 18 
324 3 2 18 6 
325 105 59 49 15 
326 52 31 446 1 
327 2 3 4 710 
328 415 589 354 4 
329 2 3 1 442 
330 102 67 586 4 
331 35 50 196 21 
332 22 21 4 99 
333 536 492 2295 36 
334 13 12 9 864 
335 6 10 1 16 
336 16 25 3 75 
337 606 646 1291 411 
338 2 2 11 1 
339 42 48 32 462 
340 156 296 71 9 
341 138 167 104 72 
342 1 1 7 1 
343 126 64 183 107 
344 50 79 83 218 
345 644 470 2112 5 
346 10 6 2 62 
347 36 61 27 21 
348 5 4 18 7 
7 413 250 223 860 
349 149 290 730 800 
350 32 38 30 288 
351 136 158 53 600 
352 40 38 59 27 
353 1 1 1 105 
354 1 1 8 26 
355 239 127 62 297 
356 143 257 112 836 
357 1 2 2 13 
358 9 10 41 74 
359 431 596 290 19 
360 315 254 152 492 
361 152 191 37 40 
362 1 3 1 20 
363 17 14 19 1 
364 20 11 2 49 
365 1 1 1 2 
366 27 29 64 269 
367 5 5 7 341 
368 1 1 1 627 
369 9 14 3 85 
370 1 1 1 66 
371 2 3 1 4 
372 771 1323 276 13 
373 1 1 1 3 
374 27 15 26 625 
375 127 95 49 5 
376 639 430 393 7 
377 6 6 2 180 
378 126 87 390 289 
379 68 37 442 642 
3 146 141 232 53 
380 195 148 152 474 
381 11 13 68 2 
382 8 4 13 3 
383 5 10 28 35 
384 27 15 7 5 
385 6 11 33 761 
386 21 24 15 43 
387 13 14 12 8 
388 39 26 147 1 
389 4 8 1 127 
390 139 174 425 12 
391 25 20 6 6 
392 11 7 4 300 
393 78 140 31 55 
394 21 39 14 145 
395 2 3 15 1 
396 148 92 29 1 
397 3 3 12 467 
398 1 1 13 1 
399 41 41 9 464 
400 14 22 5 66 
401 49 42 51 18 
402 75 114 42 11 
403 156 226 31 273 
404 1 1 1 88 
405 825 974 427 1 
406 317 345 167 587 
407 1 2 1 41 
408 206 128 157 11 
409 22 44 15 66 
410 6 3 51 4 
411 421 677 221 447 
412 31 42 13 1 
413 27 18 14 9 
414 4 3 10 15 
415 456 844 165 537 
416 245 306 312 2 
417 15 24 2 36 
418 1 1 5 46 
419 72 108 49 5 
420 52 75 224 47 
421 2 2 1 516 
422 5 9 3 1 
423 10 14 7 6 
424 1 3 13 163 
425 359 282 1065 144 
426 27 16 15 3 
427 5 4 3 208 
428 14 14 37 27 
429 464 674 303 1 
430 1 2 1 61 
431 1 1 6 2 
432 10 11 12 1 
433 9 5 2 5 
434 16 13 54 25 
435 1 1 1 981 
436 684 805 348 3 
437 37 46 22 3 
438 133 70 38 46 
439 1 1 5 2 
440 1 1 2 269 
441 2 3 1 1 
442 1 1 1 3 
443 40 35 60 2 
444 181 147 151 729 
445 81 80 73 313 
446 4 5 21 25 
447 53 50 58 10 
448 1 3 12 19 
449 1 1 1 807 
450 284 160 48 110 
451 79 98 36 35 
452 75 57 20 33 
453 66 97 26 1 
454 283 436 1011 2 
455 2 1 1 3 
456 80 47 80 15 
457 471 723 94 21 
458 355 450 287 1 
459 36 18 20 5 
460 660 677 486 171 
461 26 28 15 135 
462 310 174 78 25 
463 2 2 1 272 
464 529 702 709 77 
5 299 329 102 25 
465 3 5 8 80 
466 185 174 1481 1 
467 17 20 3 145 
468 8 7 38 2 
469 58 110 67 58 
470 206 123 30 185 
471 182 241 286 46 
472 9 9 10 515 
473 28 29 40 1 
474 21 41 78 113 
475 4 5 10 228 
476 1 1 5 1 
477 1 1 4 1 
478 5 2 33 8 
479 2 2 1 545 
480 23 21 165 2 
481 11 7 6 1 
482 1 1 1 4 
483 6 4 24 1 
1 331 511 181 706 
484 5 3 7 1 
485 206 289 664 212 
486 1 1 1 2 
487 7 4 11 108 
488 321 168 1767 142 
489 6 4 7 38 
490 22 33 7 3 
491 18 29 27 317 
492 169 206 57 89 
493 3 1 2 16 
494 54 102 84 12 
495 79 74 421 35 
496 289 472 2454 1 
497 176 330 164 94 
498 602 710 1914 203 
499 494 313 155 29 
500 36 39 25 22 
501 259 426 67 1 
502 25 13 16 14 
503 396 551 169 1 
504 74 39 12 3 
505 68 114 28 208 
506 6 7 30 2 
507 26 30 26 640 
508 191 171 596 1 
509 182 251 472 140 
510 13 16 3 10 
511 80 60 20 498 
512 592 571 119 5 
513 3 7 9 33 
514 7 9 8 17 
515 122 216 737 531 
516 1 1 1 15 
517 122 228 130 2 
518 1 2 1 996 
519 610 1220 5152 27 
520 528 626 927 1 
521 14 19 21 53 
522 662 662 430 16 
523 317 245 134 9 
524 6 8 1 23 
525 343 191 112 988 
526 1 1 4 137 
527 17 18 12 4 
528 114 211 99 3 
529 29 25 16 23 
530 1 1 1 4 
531 479 881 681 8 
532 22 28 16 373 
533 7 4 8 2 
534 1 2 1 614 
535 69 117 74 98 
536 16 10 133 276 
537 6 9 1 12 
538 180 341 53 576 
539 387 631 428 35 
540 267 138 2036 233 
541 14 8 10 811 
542 38 38 139 111 
543 20 28 46 2 
544 352 238 126 9 
545 1 1 1 2 
546 857 1186 144 143 
547 224 208 872 1 
548 3 2 9 66 
549 414 313 1987 7 
550 44 28 129 11 
551 5 9 15 45 
552 2 1 8 109 
553 35 53 95 1 
554 217 135 89 3 
555 26 31 6 430 
556 26 41 184 1 
557 283 555 69 651 
558 7 12 6 14 
559 575 774 1464 262 
560 67 72 24 528 
561 6 7 21 38 
562 1 1 8 1 
563 79 69 37 107 
564 60 70 352 1 
565 47 36 36 4 
566 292 351 153 2 
567 2 1 3 3 
568 56 95 10 81 
569 2 1 1 3 
570 11 9 69 12 
571 447 242 265 343 
572 51 99 231 326 
6 91 86 26 2 
573 21 15 158 57 
574 9 5 57 1 
575 32 58 204 96 
576 1 1 5 9 
577 11 13 14 1 
578 622 362 678 202 
579 7 10 2 560 
580 196 171 72 27 
581 11 7 4 1 
582 1 1 3 2 
583 3 2 3 213 
584 197 188 46 61 
585 6 3 1 30 
586 23 14 35 5 
587 214 120 259 15 
588 1 1 7 6 
589 5 7 34 20 
8 161 240 96 1 
590 170 249 599 71 
591 814 1198 583 1 
592 107 56 257 29 
593 103 74 46 321 
594 132 139 523 126 
595 8 11 6 221 
596 61 66 192 681 
597 523 942 504 13 
598 322 621 2155 483 
599 3 4 1 274 
600 1 2 2 59 
601 3 3 5 82 
602 23 14 57 1 
8 134 158 464 61 
603 500 299 721 496 
604 265 471 779 4 
605 704 423 302 25 
606 69 92 117 62 
607 2 1 1 12 
608 37 65 64 345 
609 164 273 28 2 
610 526 392 408 1 
611 7 6 7 21 
612 11 11 28 14 
613 191 215 56 1 
614 61 42 13 49 
615 12 20 4 436 
616 46 28 127 132 
617 5 3 1 6 
618 73 99 80 28 
619 133 78 54 26 
620 570 287 1334 160 
621 6 11 1 14 
622 38 61 13 35 
623 180 248 79 1 
624 1 1 4 59 
625 208 256 741 5 
626 104 54 13 16 
627 23 12 25 68 
628 3 2 4 34 
629 65 127 78 346 
630 3 5 1 2 
631 22 11 10 39 
632 76 145 193 9 
633 469 655 90 107 
634 37 65 75 1 
635 1 1 4 191 
636 679 1232 2039 41 
637 69 120 23 5 
638 357 197 3039 6 
639 9 13 20 269 
640 60 85 10 45 
641 7 13 2 58 
642 39 32 88 180 
643 608 1082 230 2 
644 15 14 6 864 
645 2 3 5 13 
646 485 632 2337 3 
647 22 19 15 19 
648 1 1 3 3 
649 48 24 68 3 
650 542 904 417 2 
651 620 1027 308 44 
652 1 1 3 56 
653 136 119 36 30 
654 8 11 6 488 
655 27 34 16 206 
656 21 31 130 3 
657 13 15 109 1 
658 796 999 463 3 
659 11 21 13 1 
660 3 2 7 35 
661 10 8 9 8 
4 7 5 52 6 
662 40 55 6 120 
663 24 22 199 7 
664 346 532 1352 6 
665 33 17 36 3 
666 2 2 2 15 
667 45 84 13 366 
668 550 502 178 1 
669 3 5 8 1 
670 89 153 149 45 
671 1 1 3 388 
672 50 85 16 57 
673 4 8 4 429 
674 22 43 26 456 
675 1 1 4 2 
676 16 10 37 1 
677 50 36 8 16 
678 26 37 214 239 
679 22 18 191 4 
680 55 62 51 95 
681 108 63 131 985 
682 1 1 5 4 
683 5 3 6 64 
684 8 5 50 817 
685 75 41 124 10 
686 139 98 994 3 
687 166 241 31 922 
688 331 465 356 158 
689 213 278 187 1 
690 4 6 1 1 
691 288 330 86 570 
692 1 3 1 112 
693 1 2 1 65 
694 54 57 370 10 
695 133 144 23 373 
696 10 8 50 603 
697 4 4 12 653 
698 1 1 1 2 
699 698 370 4568 9 
700 633 371 144 1 
701 12 7 24 212 
702 9 8 3 174 
703 7 8 5 3 
704 278 236 180 2 
705 124 114 999 895 
706 1 1 1 5 
707 1 2 2 163 
708 13 12 22 28 
709 68 65 143 79 
710 49 30 385 474 
711 1 1 2 69 
712 16 23 7 1 
713 153 144 23 31 
2 31 46 24 48 
714 1 1 5 12 
715 2 3 7 4 
716 3 5 7 98 
717 6 4 7 328 
718 2 1 7 17 
719 15 12 3 2 
720 9 12 32 6 
721 349 221 152 2 
722 230 252 366 31 
723 16 8 132 306 
724 44 25 51 912 
725 1 1 1 241 
726 49 46 41 1 
727 155 211 95 954 
728 93 167 16 99 
729 323 408 2289 105 
730 160 81 104 173 
731 713 958 653 651 
732 21 28 19 2 
733 10 17 1 2 
734 213 117 113 1 
735 1 1 2 2 
736 1 1 1 36 
737 8 6 1 1 
738 655 1217 328 4 
739 119 69 24 990 
740 301 207 1414 3 
741 187 323 691 4 
742 71 143 368 1 
743 19 18 8 5 
744 624 865 1274 13 
745 730 986 829 4 
746 817 513 1059 124 
747 281 361 263 7 
748 450 659 671 2 
749 2 2 1 203 
750 62 73 45 287 
751 899 949 408 1 
752 1 1 1 36 
753 15 11 2 85 
754 40 23 246 96 
755 28 51 32 6 
756 19 15 2 1 
757 12 17 7 834 
758 24 16 67 14 
759 712 859 4046 2 
760 22 23 10 23 
761 27 45 98 5 
762 30 49 85 157 
763 6 7 18 105 
764 88 52 295 56 
765 679 470 5542 866 
766 28 43 24 3 
9 85 133 12 5 
767 7 5 8 25 
768 13 9 3 16 
769 64 104 338 115 
770 1 1 1 79 
771 3 5 3 3 
772 25 15 126 2 
773 3 1 13 37 
774 147 267 444 23 
775 1 1 1 1 
776 26 20 67 187 
777 808 1191 4977 396 
778 1 1 1 1 
779 4 6 2 617 
780 1 1 1 9 
781 4 2 4 140 
782 446 648 209 2 
783 4 4 2 414 
784 119 71 351 83 
785 2 1 8 1 
786 123 122 651 63 
787 7 9 3 77 
788 25 36 141 55 
789 10 5 54 3 
790 12 8 102 10 
791 16 18 4 315 
792 105 79 465 205 
793 3 5 1 17 
794 25 18 30 2 
795 11 22 25 7 
796 778 1165 1704 15 
797 3 6 2 633 
798 4 2 8 179 
799 24 19 116 1 
800 857 694 4719 9 
801 1 1 2 320 
802 667 596 162 301 
803 5 6 10 19 
804 309 470 1785 40 
4 3 2 1 2 
805 4 6 19 3 
806 583 685 4287 6 
807 1 1 6 428 
808 29 48 173 44 
809 191 131 95 2 
810 30 22 13 209 
811 93 88 182 301 
812 162 100 22 118 
813 224 185 112 117 
814 4 6 1 22 
815 1 1 1 91 
816 111 69 26 88 
1 297 182 125 216 
817 7 11 17 3 
818 306 399 500 785 
819 829 499 154 56 
820 18 16 6 6 
821 1 3 6 1 
822 1 1 1 2 
823 32 43 9 2 
824 10 9 9 37 
825 79 133 264 1 
826 1 1 5 4 
827 5 2 1 303 
828 2 1 1 1 
829 29 19 16 17 
830 29 20 21 40 
2 66 125 563 9 
6 62 70 172 5 
831 158 113 85 438 
832 310 313 192 83 
833 1 1 1 3 
834 9 16 6 5 
835 32 40 110 353 
836 1 2 1 41 
837 29 28 48 7 
838 33 21 5 31 
839 154 164 81 653 
840 5 11 1 468 
841 568 903 507 426 
842 154 188 72 3 
843 457 435 272 10 
844 5 3 11 22 
845 237 210 1310 61 
846 65 64 8 327 
847 13 22 2 4 
848 30 19 138 5 
849 65 52 74 413 
850 28 55 17 750 
851 98 163 26 10 
852 186 114 1351 88 
853 26 38 39 910 
854 317 334 2676 8 
855 283 175 162 408 
856 1 1 1 289 
857 298 277 214 2 
858 2 3 1 2 
859 29 15 142 7 
860 2 1 10 127 
861 16 32 2 63 
862 2 2 11 105 
863 37 27 7 107 
864 51 33 10 33 
865 1 1 1 236 
866 172 310 438 4 
867 2 2 12 274 
868 259 200 1885 3 
869 83 98 59 95 
870 138 96 65 3 
871 49 27 357 26 
872 18 17 3 1 
873 7 4 16 233 
874 4 2 5 3 
875 191 197 145 3 
876 6 7 57 10 
877 167 94 863 88 
878 146 87 110 21 
879 6 4 2 337 
880 204 108 1057 1 
881 44 27 26 298 
882 26 28 5 54 
883 124 86 54 1 
884 1 3 1 9 
885 53 51 9 10 
