nbLocalisations 4
nbRessources 4
nbMachines 100
nbProcessus 900
nbServices 980
*******Machines*******
2 1845 2472 3003 928 1467 1925 2116 656 
1 325 360 456 622 279 281 422 437 
1 1526 1470 1914 1119 1214 1082 1343 889 
2 530 491 812 291 430 428 680 261 
1 1349 1184 7650 3599 950 885 6715 2731 
1 2487 2228 9056 2814 2188 1899 7136 2247 
3 2157 1908 1316 703 1762 1445 1091 603 
3 1501 1215 1346 1583 1185 994 1151 1131 
1 1705 1686 10786 1351 1441 1415 10008 970 
0 1760 1476 3140 1113 1490 1249 2599 927 
0 3501 3089 5226 1257 3231 2505 4562 1014 
0 2023 2555 6848 2274 1755 1895 6498 1812 
2 1693 1920 4847 2706 1543 1555 3925 1961 
3 1361 1964 3742 3295 1119 1765 3426 3080 
3 1689 2267 1074 1721 1462 2114 943 1527 
2 887 867 4308 1170 806 632 3204 989 
3 3092 1906 2703 2695 2674 1690 2432 2029 
0 1224 1979 2905 1549 905 1571 2532 1349 
0 1644 1698 2361 1115 1168 1236 2010 999 
2 1435 1916 2966 2246 1203 1729 2392 1639 
1 498 378 303 87 381 285 242 73 
0 2910 3222 10439 3066 2156 2693 7411 2700 
2 1088 932 1162 1054 1005 678 913 773 
2 2615 3193 2728 2380 2261 2669 2181 2027 
3 1698 1675 2008 1467 1397 1295 1770 1317 
2 839 972 893 582 712 877 741 550 
2 1970 2576 7893 2945 1857 1902 6527 2659 
3 2120 1917 1992 2050 1493 1405 1818 1791 
0 1559 1763 9099 799 1387 1447 6950 696 
2 287 311 1828 202 259 245 1321 175 
1 110 156 485 242 103 128 430 180 
3 1040 1301 1192 1035 847 953 961 940 
3 1204 1167 3000 1465 860 1046 2564 1086 
3 701 758 4021 721 564 650 3256 629 
0 1860 1636 3924 1282 1550 1192 2935 1120 
1 669 724 1836 158 540 612 1556 121 
3 2479 2104 1841 3786 1826 1674 1523 2748 
2 554 443 1689 1952 398 381 1521 1551 
0 2329 1521 5325 459 1641 1210 4344 385 
1 2126 2050 6475 320 1726 1941 5678 233 
0 2236 2600 903 2679 1960 1918 814 1949 
2 2947 3230 1770 1348 2719 2622 1419 1225 
1 1304 1539 2670 1988 1102 1208 1991 1534 
3 443 635 603 1434 324 594 478 1326 
3 256 210 364 1746 193 169 265 1331 
3 675 1096 2159 217 537 1030 2000 162 
1 1541 1178 1464 3556 1382 1069 1374 2673 
3 2822 3138 6585 3084 2107 2377 5261 2719 
1 1384 1334 3023 1886 1127 1176 2792 1736 
3 1775 2123 2874 1259 1252 1948 2387 1171 
1 901 1188 1948 1089 832 881 1491 872 
1 1519 1374 5311 899 1241 1273 3940 754 
2 1193 1098 2580 2009 1074 913 2025 1440 
2 3136 3286 10777 1669 2310 2575 8362 1410 
2 1060 940 3489 1020 800 687 2661 936 
1 1193 1419 1923 1255 1111 1028 1474 958 
2 1129 726 589 2168 869 683 495 1911 
2 2133 2746 8355 808 1910 2003 6926 720 
1 602 829 792 1131 541 755 626 859 
3 1316 1231 2063 1459 1045 904 1480 1077 
2 2514 2132 5159 3886 1837 1756 4482 2844 
1 636 816 539 1322 467 726 387 1108 
0 1185 1564 2528 2930 887 1172 2032 2712 
3 663 522 797 451 585 392 653 404 
0 1638 2361 749 1992 1356 2159 601 1434 
0 962 1207 2723 1682 704 1134 2268 1439 
0 920 692 632 169 837 522 582 151 
2 2936 3882 5713 1700 2383 3551 4558 1595 
1 1248 1161 2037 2727 1184 948 1889 2453 
3 398 409 204 1579 281 297 157 1174 
0 1064 1028 1966 1220 881 859 1417 908 
0 3416 5359 10942 1718 3148 3948 8096 1320 
0 689 902 3179 1216 514 797 2682 977 
3 1339 1554 1499 1527 1002 1324 1319 1112 
2 941 1040 5100 2369 852 772 4365 1870 
0 4460 3476 18160 1699 3773 3075 14200 1525 
0 2675 2046 7645 3246 2010 1456 5381 2599 
1 1216 1440 2527 3168 938 1226 2359 2616 
1 319 294 832 1200 262 237 730 956 
0 1132 940 4182 1334 963 860 3512 957 
2 3559 4368 5144 794 3355 3629 4711 607 
0 1415 1649 2534 812 1142 1315 2184 614 
2 2309 2556 6511 605 2040 2235 5989 438 
2 1171 1188 1557 2569 840 892 1145 2429 
1 1151 1753 1027 2299 990 1489 968 2156 
2 2262 2287 10107 1317 1673 1890 7791 930 
3 1039 710 1375 156 784 594 1077 110 
3 1069 1559 541 435 840 1327 510 323 
3 646 454 270 1699 487 362 201 1345 
0 1966 1630 3648 2122 1590 1352 3228 1875 
3 1378 1546 1718 979 1105 1140 1253 768 
1 1803 1793 4485 1718 1526 1534 3955 1541 
1 1139 932 1058 1851 851 703 839 1695 
1 2304 2630 6366 513 1898 1908 4882 403 
2 1970 2897 7519 650 1380 2572 5390 461 
0 516 633 1921 180 458 452 1430 159 
1 2252 3042 1776 696 1600 2150 1395 573 
0 591 605 1740 890 461 425 1504 643 
3 938 1141 520 2685 679 937 456 1959 
0 1508 1809 804 3151 1378 1584 715 2989 
*******Services*******
1
1
0
1
0
2
1
0
0
0
0
0
0
0
0
0
0
0
0
0
0
0
0
0
0
0
0
0
0
0
0
0
0
0
0
0
0
0
0
0
0
0
0
0
0
0
0
0
0
0
0
0
0
0
0
0
0
0
0
0
0
0
0
0
0
0
0
0
0
0
0
0
0
0
0
0
0
0
0
0
0
0
0
0
0
0
0
0
0
0
0
0
0
0
0
0
0
0
0
0
0
0
0
0
0
0
0
0
0
0
0
0
0
0
0
0
0
0
0
0
0
0
0
0
0
0
0
0
0
0
0
0
0
0
0
0
0
0
0
0
0
0
0
0
0
0
0
0
0
0
0
0
0
0
0
0
0
0
0
0
0
0
0
0
0
0
0
0
0
0
0
0
0
0
0
0
0
0
0
0
0
0
0
0
0
0
0
0
0
0
0
0
0
0
0
0
0
0
0
0
0
0
0
0
0
0
0
0
0
0
0
0
0
0
0
0
0
0
0
0
0
0
0
0
0
0
0
0
0
0
0
0
0
0
0
0
0
0
0
0
0
0
0
0
0
0
0
0
0
0
0
0
0
0
0
0
0
0
0
0
0
0
0
0
0
0
0
0
0
0
0
0
0
0
0
0
0
0
0
0
0
0
0
0
0
0
0
0
0
0
0
0
0
0
0
0
0
0
0
0
0
0
0
0
0
0
0
0
0
0
0
0
0
0
0
0
0
0
0
0
0
0
0
0
0
0
0
0
0
0
0
0
0
0
0
0
0
0
0
0
0
0
0
0
0
0
0
0
0
0
0
0
0
0
0
0
0
0
0
0
0
0
0
0
0
0
0
0
0
0
0
0
0
0
0
0
0
0
0
0
0
0
0
0
0
0
0
0
0
0
0
0
0
0
0
0
0
0
0
0
0
0
0
0
0
0
0
0
0
0
0
0
0
0
0
0
0
0
0
0
0
0
0
0
0
0
0
0
0
0
0
0
0
0
0
0
0
0
0
0
0
0
0
0
0
0
0
0
0
0
0
0
0
0
0
0
0
0
0
0
0
0
0
0
0
0
0
0
0
0
0
0
0
0
0
0
0
0
0
0
0
0
0
0
0
0
0
0
0
0
0
0
0
0
0
0
0
0
0
0
0
0
0
0
0
0
0
0
0
0
0
0
0
0
0
0
0
0
0
0
0
0
0
0
0
0
0
0
0
0
0
0
0
0
0
0
0
0
0
0
0
0
0
0
0
0
0
0
0
0
0
0
0
0
0
0
0
0
0
0
0
0
0
0
0
0
0
0
0
0
0
0
0
0
0
0
0
0
0
0
0
0
0
0
0
0
0
0
0
0
0
0
0
0
0
0
0
0
0
0
0
0
0
0
0
0
0
0
0
0
0
0
0
0
0
0
0
0
0
0
0
0
0
0
0
0
0
0
0
0
0
0
0
0
0
0
0
0
0
0
0
0
0
0
0
0
0
0
0
0
0
0
0
0
0
0
0
0
0
0
0
0
0
0
0
0
0
0
0
0
0
0
0
0
0
0
0
0
0
0
0
0
0
0
0
0
0
0
0
0
0
0
0
0
0
0
0
0
0
0
0
0
0
0
0
0
0
0
0
0
0
0
0
0
0
0
0
0
0
0
0
0
0
0
0
0
0
0
0
0
0
0
0
0
0
0
0
0
0
0
0
0
0
0
0
0
0
0
0
0
0
0
0
0
0
0
0
0
0
0
0
0
0
0
0
0
0
0
0
0
0
0
0
0
0
0
0
0
0
0
0
0
0
0
0
0
0
0
0
0
0
0
0
0
0
0
0
0
0
0
0
0
0
0
0
0
0
0
0
0
0
0
0
0
0
0
0
0
0
0
0
0
0
0
0
0
0
0
0
0
0
0
0
0
0
0
0
0
0
0
0
0
0
0
0
0
0
0
0
0
0
0
0
0
0
0
0
0
0
0
0
0
0
0
0
0
0
0
0
0
0
0
0
0
0
0
0
0
0
0
0
0
0
0
0
0
0
0
0
0
0
0
0
0
0
0
0
0
0
0
0
0
0
0
0
0
0
0
0
0
0
0
0
0
0
0
0
0
0
0
0
0
0
0
0
0
0
0
0
0
0
0
0
0
0
0
0
0
0
0
0
0
0
0
0
0
0
0
0
0
0
0
0
0
0
0
0
0
0
0
0
0
0
0
0
0
0
0
0
0
0
0
0
0
0
0
0
0
0
0
*******Processus*******
10 1 1 1 3 
11 425 435 123 27 
12 1 1 3 397 
13 3 3 1 21 
0 218 388 68 1 
14 236 223 43 3 
15 89 165 282 179 
16 3 2 3 258 
17 8 10 31 117 
18 92 120 79 7 
19 291 553 797 698 
20 3 3 1 32 
21 10 8 9 16 
22 16 18 2 161 
23 4 3 13 5 
24 2 3 6 1 
25 71 84 37 555 
26 48 88 190 3 
27 12 10 23 3 
28 1 1 1 20 
29 18 14 2 7 
30 48 44 45 658 
31 2 1 3 168 
32 61 52 11 908 
33 150 290 1176 8 
34 69 40 321 86 
35 423 306 292 9 
36 131 233 163 2 
37 225 443 37 122 
38 35 55 77 1 
39 1 1 1 193 
40 260 139 502 1 
41 50 89 32 17 
42 195 388 52 10 
43 205 300 826 549 
44 41 59 176 5 
4 107 156 602 1 
45 102 85 431 1 
46 28 24 27 186 
47 130 78 136 8 
48 8 7 58 408 
49 27 35 50 304 
50 5 6 19 1 
51 1 1 1 102 
52 369 579 214 47 
53 2 3 8 594 
2 2 2 3 26 
54 2 2 1 12 
55 1 1 6 1 
56 63 48 15 184 
57 6 8 4 25 
58 10 8 5 249 
59 2 1 7 194 
60 1 1 1 8 
61 745 749 401 639 
62 596 1066 954 82 
63 21 19 178 3 
64 38 22 13 241 
65 4 3 20 154 
66 150 222 41 7 
67 34 22 36 248 
68 55 30 79 925 
8 138 158 968 25 
69 1 1 7 21 
70 135 166 204 2 
71 524 264 3224 6 
72 133 124 22 31 
73 74 86 19 22 
74 569 832 171 54 
75 648 879 353 44 
76 11 15 31 894 
77 1 1 7 655 
78 528 613 4050 5 
79 9 9 18 11 
80 21 14 66 160 
81 1 1 4 2 
82 1 1 1 155 
83 64 47 36 5 
84 1 1 1 154 
85 205 167 116 3 
86 174 105 843 2 
87 1 1 1 25 
88 795 1278 4514 53 
89 18 18 34 139 
90 41 24 250 4 
91 1 1 1 853 
92 7 12 48 797 
93 1 1 1 109 
94 507 335 78 54 
95 7 3 39 3 
96 334 426 2525 617 
97 157 100 275 82 
98 447 524 313 7 
99 399 799 144 54 
100 123 186 21 166 
101 26 14 4 2 
102 10 7 42 160 
103 25 18 14 2 
104 4 7 1 42 
105 269 321 127 30 
106 44 76 179 14 
107 3 2 1 10 
108 413 298 651 329 
109 48 54 13 1 
110 531 341 3057 130 
111 1 1 2 2 
4 102 68 20 1 
112 2 1 17 13 
113 121 139 57 53 
114 6 10 17 40 
115 201 108 769 1 
116 25 33 44 538 
117 600 1143 3156 1 
118 1 1 4 123 
119 46 92 10 5 
120 8 4 2 1 
121 2 1 1 40 
122 6 4 1 90 
123 304 465 905 4 
124 20 16 4 408 
125 2 2 7 760 
126 69 116 22 1 
127 329 169 314 673 
0 127 73 40 164 
2 10 6 2 1 
128 5 5 24 5 
129 219 310 224 195 
130 1 1 1 301 
131 6 4 2 4 
132 379 295 1126 1 
133 11 9 28 1 
134 16 32 5 1 
135 1 1 1 3 
136 327 355 1091 2 
137 163 223 85 364 
138 1 1 7 3 
139 6 5 10 56 
140 62 64 233 947 
141 621 391 3787 25 
142 454 548 541 489 
143 11 6 4 268 
144 4 4 2 61 
145 79 139 24 900 
146 5 3 2 133 
147 893 578 497 14 
148 310 391 2545 26 
149 3 1 7 2 
150 153 82 429 5 
151 12 10 24 1 
152 10 6 17 3 
153 26 32 5 607 
154 49 57 70 74 
155 61 67 354 15 
156 297 200 281 2 
157 13 7 4 779 
158 19 17 17 589 
159 23 41 4 18 
160 1 1 6 4 
161 164 100 286 8 
162 102 98 165 36 
163 852 1468 2075 1 
164 823 795 6898 131 
165 6 6 2 2 
166 706 609 124 669 
167 81 62 397 157 
168 342 272 118 622 
169 31 24 130 28 
170 25 24 172 3 
171 12 6 1 6 
172 1 1 1 18 
173 30 46 6 5 
174 1 1 2 8 
175 166 113 876 14 
176 33 54 8 43 
177 80 80 155 3 
178 49 87 21 1 
179 36 36 278 14 
180 2 4 1 22 
181 126 122 36 5 
182 98 85 149 7 
183 285 281 93 47 
184 18 11 71 3 
185 829 604 676 2 
186 8 7 5 968 
187 90 55 61 541 
188 7 4 1 57 
189 21 12 108 2 
190 10 12 19 1 
191 367 367 1144 905 
192 12 19 3 2 
193 1 2 5 1 
194 425 302 1473 2 
195 49 57 51 61 
196 26 24 62 6 
197 136 124 21 361 
198 65 44 12 14 
199 22 12 13 112 
200 254 469 1620 1 
201 1 1 3 56 
202 77 45 15 207 
203 47 61 15 53 
204 14 8 67 1 
205 1 1 1 43 
206 31 23 5 442 
207 875 975 190 32 
208 245 224 307 3 
209 19 16 30 262 
210 51 100 84 4 
211 132 210 99 9 
212 859 510 6967 3 
213 233 236 345 5 
214 66 92 70 169 
215 2 1 2 748 
216 65 97 50 5 
217 1 1 1 35 
218 61 38 214 118 
219 558 519 4758 43 
220 40 68 16 81 
221 5 6 1 138 
222 65 85 57 13 
223 2 1 11 17 
224 8 5 2 41 
225 17 24 34 501 
226 29 21 65 1 
227 21 27 41 1 
228 1 1 6 1 
229 19 17 2 95 
230 1 1 1 3 
231 3 3 7 178 
232 137 92 33 15 
233 608 680 97 1 
234 2 1 7 6 
235 7 9 20 150 
236 135 187 342 1 
237 299 370 111 54 
238 17 12 105 449 
239 19 12 20 742 
240 1 2 3 1 
241 1 2 1 12 
242 1 1 9 270 
243 263 149 2067 979 
244 94 71 756 61 
245 21 20 3 48 
246 3 6 2 173 
247 5 7 16 11 
248 1 1 1 141 
249 1 1 4 119 
250 108 128 411 143 
251 3 7 1 41 
252 5 4 10 20 
253 4 4 2 4 
254 2 1 8 136 
255 75 73 541 148 
256 225 130 58 19 
257 9 9 2 385 
258 13 22 3 1 
259 18 14 26 223 
260 100 156 31 1 
261 438 296 301 2 
262 743 1077 778 113 
263 17 11 91 11 
264 531 294 286 16 
265 211 279 371 12 
266 1 1 1 108 
267 102 169 136 977 
268 15 15 6 326 
269 111 128 589 87 
270 225 243 114 44 
271 141 95 699 54 
272 1 1 4 87 
273 1 1 3 12 
274 33 27 5 101 
275 5 7 2 11 
276 11 7 8 2 
277 111 142 496 6 
278 3 7 2 77 
279 814 465 369 34 
280 3 1 4 604 
281 1 1 1 538 
282 1 1 2 1 
283 1 1 8 6 
284 130 115 62 82 
285 9 6 64 4 
286 15 21 2 468 
287 4 2 1 21 
288 5 7 2 37 
289 340 388 125 8 
290 2 2 10 48 
291 3 2 1 1 
292 38 48 181 7 
293 14 14 15 42 
294 5 5 1 15 
1 11 14 41 291 
295 12 8 5 46 
296 1 2 8 8 
297 2 1 11 800 
298 163 226 448 1 
299 35 18 37 826 
300 189 313 25 2 
301 256 323 99 1 
302 510 675 412 143 
303 18 13 4 131 
304 700 570 3630 1 
305 74 148 25 18 
306 1 2 7 14 
307 1 3 1 165 
308 181 99 306 633 
309 1 1 1 1 
310 13 15 92 34 
4 170 153 389 38 
311 2 1 1 4 
312 12 15 8 184 
313 1 1 10 18 
314 1 1 6 110 
315 156 113 57 10 
316 47 29 161 936 
317 78 51 349 1 
318 36 19 81 3 
319 133 67 440 2 
320 40 61 59 2 
321 1 1 6 19 
322 319 553 338 3 
3 60 101 14 12 
323 25 27 78 1 
324 12 6 19 160 
325 430 517 3094 1 
326 53 27 16 54 
7 7 5 49 3 
327 120 62 115 307 
328 6 12 52 31 
329 5 3 24 380 
330 60 31 44 3 
331 131 98 103 4 
332 3 6 1 3 
333 1 1 1 237 
334 20 27 138 1 
335 2 1 5 184 
336 896 846 3913 46 
337 8 6 19 403 
338 1 1 8 136 
339 15 12 6 243 
340 128 93 316 10 
1 19 39 9 141 
341 113 69 47 20 
342 136 107 99 72 
343 365 325 51 71 
344 1 1 1 1 
345 33 60 15 337 
346 410 367 61 493 
347 15 24 2 27 
348 5 10 4 188 
349 60 63 129 2 
350 3 1 6 179 
351 151 143 282 3 
352 10 14 11 67 
353 2 4 1 4 
354 34 62 16 47 
355 284 262 431 53 
356 14 18 55 13 
357 6 10 16 9 
358 8 14 3 38 
359 5 7 2 61 
360 1 1 1 1 
5 3 2 5 75 
361 58 70 37 1 
362 9 14 64 385 
363 1 2 4 302 
364 18 23 37 95 
365 731 553 99 4 
366 15 14 18 9 
367 46 38 26 8 
368 560 370 379 11 
369 92 100 561 468 
370 18 24 33 26 
371 52 62 129 11 
372 89 68 356 95 
373 76 87 84 21 
374 6 5 2 9 
375 88 98 72 6 
376 32 63 10 28 
377 226 159 139 509 
378 17 21 11 288 
379 41 43 149 451 
380 3 4 24 144 
381 770 1281 5767 1 
382 2 2 8 3 
383 2 3 3 511 
384 89 109 168 541 
385 4 2 20 2 
386 4 8 3 16 
387 33 38 247 2 
3 112 69 374 53 
388 9 18 47 190 
389 86 131 29 17 
390 2 2 1 548 
391 2 2 13 810 
392 396 239 106 4 
393 2 2 7 906 
394 30 25 122 1 
395 503 381 865 16 
396 40 20 11 2 
397 25 37 6 371 
398 2 2 23 987 
399 358 242 700 161 
400 23 13 36 831 
401 130 230 175 1 
402 127 103 28 3 
403 20 32 11 241 
404 31 18 46 1 
405 2 1 2 35 
406 54 34 156 8 
407 1 1 2 31 
408 328 296 183 5 
409 5 8 37 4 
410 267 182 529 9 
411 3 6 4 8 
412 52 26 252 754 
413 780 739 4847 6 
414 51 33 19 376 
415 57 78 245 517 
416 1 2 1 31 
417 477 447 3160 98 
418 2 3 6 14 
419 1 1 1 1 
420 144 256 55 370 
421 117 206 162 10 
422 152 226 715 5 
423 22 34 17 25 
424 1 1 4 4 
425 39 31 151 226 
426 5 3 11 15 
427 23 19 7 2 
3 80 64 43 161 
428 58 42 11 13 
429 44 72 30 26 
4 166 129 25 3 
430 3 1 15 287 
431 16 27 37 135 
432 772 600 182 7 
433 30 20 9 1 
434 3 1 1 36 
435 1 1 1 59 
436 2 2 11 49 
437 1 2 1 103 
438 510 500 740 10 
439 15 14 45 1 
440 49 76 24 58 
441 722 851 2016 1 
442 192 251 67 6 
443 1 1 1 262 
444 1 1 1 1 
445 3 4 1 8 
446 5 2 1 2 
447 22 25 105 5 
448 32 33 173 41 
449 37 62 17 31 
450 223 346 79 666 
451 447 322 2428 247 
452 284 347 832 31 
453 485 519 270 513 
454 1 2 1 8 
455 10 14 6 481 
456 701 590 2495 39 
457 134 135 227 90 
458 28 45 41 363 
459 55 102 228 1 
460 43 36 114 440 
461 6 10 49 20 
462 1 1 10 973 
463 1 1 4 163 
464 39 23 12 404 
465 8 4 1 668 
466 182 93 486 32 
467 5 10 8 1 
468 399 590 118 167 
469 892 1399 1902 706 
470 9 5 5 2 
471 6 6 48 46 
472 263 215 113 710 
473 49 78 62 3 
474 24 31 75 321 
475 41 49 17 69 
476 29 30 127 21 
477 178 252 574 12 
478 2 2 1 4 
479 388 553 140 731 
480 11 15 8 893 
481 231 344 368 180 
482 169 133 22 5 
483 781 695 238 278 
484 6 4 1 34 
485 8 8 1 36 
486 10 12 19 1 
487 5 2 1 14 
488 543 728 96 3 
489 77 65 81 575 
490 1 3 11 158 
491 1 1 1 16 
492 2 1 1 1 
493 21 20 37 762 
494 628 1052 4584 309 
495 21 28 70 29 
496 22 24 14 11 
497 19 15 13 158 
498 314 186 151 485 
499 34 33 78 9 
500 13 11 12 1 
501 1 1 1 14 
5 5 4 43 548 
502 2 2 2 7 
503 882 770 441 4 
504 3 1 1 3 
505 4 8 11 132 
506 1 1 1 2 
507 361 182 961 59 
508 1 1 1 53 
509 2 4 1 794 
510 130 222 32 1 
511 6 5 15 62 
512 52 28 44 3 
513 18 32 53 1 
514 541 519 3932 13 
515 56 32 27 65 
516 3 6 13 7 
517 42 58 8 306 
518 7 10 11 1 
519 629 539 3784 103 
520 37 42 21 1 
521 167 101 155 2 
522 881 561 3768 261 
5 13 7 41 6 
523 3 2 2 134 
524 731 942 110 22 
525 511 460 326 518 
526 31 40 84 904 
527 16 10 83 1 
528 1 1 7 67 
529 374 309 228 52 
530 128 69 1046 31 
531 9 9 4 5 
532 9 9 13 20 
533 8 8 70 175 
534 1 2 6 4 
535 14 18 2 41 
536 561 736 606 17 
537 34 37 281 69 
538 26 44 8 26 
539 1 1 2 130 
540 14 8 4 1 
541 508 752 1926 105 
542 399 511 962 97 
543 2 2 7 96 
544 6 12 11 2 
545 12 7 23 806 
546 4 4 1 50 
547 2 3 1 125 
548 82 56 43 1 
549 3 5 6 201 
550 629 340 605 6 
551 18 16 31 445 
552 168 316 160 123 
553 61 56 24 1 
554 109 82 666 1 
555 20 16 14 8 
556 6 10 25 889 
557 138 151 379 6 
558 225 146 156 5 
559 10 11 10 16 
560 14 25 90 31 
561 638 647 3914 93 
562 127 100 53 4 
563 1 1 7 99 
564 13 21 7 205 
565 20 12 3 894 
566 4 7 3 5 
567 16 11 2 330 
568 31 29 16 4 
569 75 114 62 663 
570 28 19 74 7 
571 18 10 44 136 
572 3 2 1 99 
573 3 2 19 792 
574 101 158 20 267 
575 43 42 78 42 
576 2 1 9 23 
577 525 874 460 19 
578 539 810 107 25 
579 32 21 5 54 
580 89 137 302 4 
581 7 5 4 915 
582 2 3 5 3 
583 845 595 366 3 
584 675 863 97 86 
585 17 14 96 639 
586 80 150 16 1 
6 226 210 1618 3 
587 16 9 2 66 
588 2 2 5 2 
589 33 35 222 24 
590 63 32 19 532 
591 56 41 10 63 
592 5 4 32 1 
593 257 210 216 2 
594 5 3 8 855 
595 56 39 12 97 
596 114 90 104 217 
597 6 11 16 952 
598 66 48 62 2 
599 3 4 10 47 
600 4 2 1 328 
601 1 3 1 29 
602 427 482 3596 62 
603 1 1 1 4 
604 344 635 115 9 
605 182 206 852 1 
606 4 3 2 120 
607 162 83 1128 5 
608 2 2 1 388 
609 265 326 122 553 
610 7 4 2 5 
611 94 50 722 60 
612 26 32 168 4 
613 59 37 55 121 
614 345 642 1803 4 
615 10 14 28 12 
616 96 139 60 3 
617 32 33 43 6 
618 232 123 216 1 
619 184 218 73 25 
620 239 310 235 15 
621 155 254 201 2 
622 243 254 201 59 
623 784 551 1929 699 
624 101 56 423 53 
625 243 305 60 296 
626 3 4 7 1 
627 879 812 399 14 
628 7 8 7 311 
629 20 10 18 2 
630 58 47 8 67 
631 143 253 193 174 
632 387 285 106 1 
633 38 24 71 8 
634 23 42 6 27 
635 248 136 43 3 
636 8 4 3 1 
637 882 689 584 3 
638 64 68 333 4 
639 100 58 502 71 
640 408 755 170 1 
641 6 7 6 1 
642 28 52 17 15 
643 2 4 1 165 
644 236 399 103 34 
645 127 72 65 548 
646 586 774 840 12 
647 29 45 10 79 
648 22 35 34 14 
649 2 2 3 12 
650 398 337 427 219 
651 1 1 4 2 
652 16 18 5 436 
653 203 137 1677 882 
654 58 41 72 42 
655 73 102 373 3 
656 15 28 93 135 
657 2 3 2 31 
658 31 34 7 1 
659 278 162 269 95 
660 16 10 61 1 
661 163 182 24 5 
662 516 693 173 771 
663 51 75 27 60 
664 57 61 93 278 
665 241 166 1249 56 
666 102 105 22 60 
667 56 39 76 16 
668 50 30 30 1 
669 164 275 909 11 
670 30 39 184 3 
671 9 8 2 63 
672 3 4 7 8 
673 83 59 54 1 
674 359 212 90 2 
675 2 1 1 129 
676 5 3 10 3 
677 7 13 26 1 
678 1 2 1 14 
679 1 3 1 38 
680 20 18 105 620 
681 2 4 1 696 
682 4 3 3 8 
683 8 4 3 53 
684 746 378 308 40 
685 59 30 455 830 
686 316 335 554 5 
687 538 347 521 53 
688 256 411 1305 15 
689 15 16 48 2 
690 2 4 1 333 
691 206 229 79 4 
692 8 11 1 2 
693 115 111 482 44 
694 147 84 89 53 
695 61 45 12 807 
696 23 37 28 17 
697 1 1 7 1 
698 164 114 725 7 
699 418 400 179 8 
700 532 374 1097 721 
701 1 3 1 2 
702 41 41 24 61 
703 17 17 2 98 
704 75 84 23 964 
705 4 2 1 116 
706 66 33 14 527 
707 39 26 20 3 
708 32 20 23 399 
709 3 4 2 261 
710 1 1 1 370 
711 59 44 33 441 
712 31 26 10 5 
713 82 62 46 4 
714 1 1 10 10 
715 1 1 1 2 
716 4 8 5 590 
717 248 285 1075 12 
718 1 1 1 82 
719 688 932 272 56 
720 267 145 1163 1 
721 5 6 3 4 
722 7 4 2 4 
723 62 113 73 2 
724 240 192 80 157 
9 49 78 216 35 
725 2 4 1 161 
726 713 503 158 704 
727 1 1 1 51 
728 7 10 24 2 
729 760 1380 119 350 
730 3 4 1 164 
731 203 329 89 11 
732 54 100 458 390 
733 1 1 8 24 
734 21 24 68 5 
735 9 6 9 366 
736 22 34 27 2 
737 18 20 8 31 
738 23 28 9 316 
739 2 1 2 88 
740 158 177 1312 500 
741 1 2 1 190 
742 319 386 493 239 
743 10 19 14 19 
744 1 2 4 386 
745 107 79 27 11 
746 14 17 14 145 
747 94 107 111 490 
748 892 462 1301 40 
749 810 876 659 311 
750 755 1276 161 1 
751 13 16 19 132 
752 1 1 2 75 
753 552 557 1014 8 
754 8 12 10 570 
755 261 233 40 372 
756 3 1 2 7 
757 1 1 1 1 
758 400 338 222 49 
759 242 295 35 121 
760 10 18 1 11 
761 1 1 1 56 
762 18 23 21 909 
6 132 74 69 5 
763 387 545 69 377 
764 1 1 1 50 
765 20 22 137 376 
766 30 19 13 38 
767 18 16 34 129 
768 3 2 3 59 
769 386 346 1338 22 
770 713 1369 2842 53 
8 258 360 60 228 
771 43 57 47 755 
772 305 288 834 8 
773 4 8 5 7 
774 678 399 955 5 
775 148 272 163 27 
776 21 17 15 16 
777 73 65 16 454 
778 359 405 2119 22 
779 20 40 9 161 
780 1 1 1 11 
781 115 210 25 66 
782 533 801 1960 3 
783 508 352 123 4 
784 19 15 3 20 
785 214 335 374 517 
786 7 6 6 25 
787 64 92 119 569 
788 113 116 242 107 
789 109 143 484 418 
790 380 641 2636 248 
791 758 1468 124 22 
792 14 12 2 6 
793 300 579 73 148 
794 41 57 21 5 
795 631 347 769 6 
796 16 9 40 115 
797 1 1 1 2 
798 60 37 114 1 
799 88 110 734 1 
800 70 94 76 6 
801 11 14 30 2 
6 242 384 91 2 
802 1 2 1 90 
803 38 46 131 157 
804 385 192 67 1 
805 3 3 18 56 
806 769 819 2300 10 
807 72 51 10 10 
808 1 2 1 11 
809 528 403 84 19 
810 9 12 30 100 
811 202 295 878 96 
812 5 3 36 35 
813 1 2 1 8 
814 784 408 123 174 
815 23 28 129 613 
816 110 56 157 18 
817 1 1 1 692 
818 1 1 3 30 
819 708 439 1886 14 
820 178 120 114 107 
821 38 28 56 100 
822 167 151 182 1 
823 52 47 144 541 
824 348 343 97 36 
825 21 18 96 20 
826 99 73 219 52 
827 74 104 542 4 
828 3 6 21 153 
829 3 5 6 399 
830 2 3 1 11 
831 61 76 9 52 
832 2 1 1 247 
833 39 47 175 1 
834 9 13 21 2 
835 380 468 389 4 
836 2 3 3 147 
837 743 992 3613 142 
838 1 1 1 222 
839 89 80 199 30 
840 1 1 1 793 
841 4 5 28 1 
842 1 2 8 140 
843 241 216 937 88 
844 66 40 121 1 
845 429 614 475 300 
846 1 2 13 2 
847 2 1 6 15 
848 60 84 315 3 
849 1 1 1 86 
850 56 84 31 2 
851 172 108 189 1 
852 364 596 180 5 
853 1 1 5 25 
854 35 19 86 70 
855 83 131 710 1 
856 168 248 416 31 
857 13 13 19 97 
858 1 2 1 823 
859 51 85 51 1 
860 1 1 1 178 
861 3 4 1 733 
9 15 23 14 12 
0 195 342 95 214 
862 5 8 25 30 
863 1 1 1 25 
864 144 283 131 51 
865 48 55 97 106 
866 4 7 24 1 
867 98 72 34 4 
868 49 95 240 29 
869 84 87 645 31 
870 301 395 592 682 
871 9 7 68 53 
872 391 733 1433 2 
873 12 7 8 28 
874 198 139 79 183 
875 68 44 259 1 
876 2 3 5 917 
877 1 1 1 36 
878 1 1 1 3 
879 116 68 16 55 
880 19 10 6 54 
882 39 45 27 677 
883 2 1 10 1 
974 1 1 1 2 
968 3 1 1 7 
