nbLocalisations 25
nbRessources 3
nbMachines 100
nbProcessus 1000
nbServices 216
*******Machines*******
14 1046 233 500 836 175 359
9 1945 6343 2863 1627 5338 2400
7 1204 1455 3822 971 1123 3113
13 980 1394 2774 716 1133 2139
7 2668 3501 2611 2109 2484 1656
6 1967 3895 956 1742 3763 780
22 1370 1035 2753 1116 803 2515
20 778 463 1848 724 387 1721
8 1026 2280 2508 656 1740 2210
5 776 1813 398 596 1602 308
0 1649 3521 3787 1193 2812 2594
1 535 403 1218 469 362 1098
14 1378 3247 1308 1336 2508 1044
21 2318 10228 1534 2361 9379 1188
23 995 2421 1559 744 2109 1174
15 1239 2674 366 1059 2283 310
23 1317 534 4589 900 525 3692
2 384 1609 865 319 1475 682
3 1143 818 2641 926 663 2496
17 169 528 1263 111 351 1019
9 1774 2985 1011 1512 2358 782
3 736 2194 2083 671 1805 1708
17 1076 512 1205 1096 466 992
18 2004 1597 289 1762 1354 221
22 1057 1418 755 1009 1127 653
16 1205 1279 3665 1087 780 3292
18 546 2798 446 426 2033 328
23 1733 633 3356 1205 444 2835
1 2713 5616 877 2390 4891 660
15 1536 1536 936 1281 1243 709
10 666 475 2016 499 351 1663
22 1310 6569 3320 1262 5398 2510
21 2515 6398 1505 1912 5228 1324
19 1731 1427 429 1188 1266 286
0 743 1169 1261 622 815 1262
11 1313 2224 1882 1372 1427 1703
19 972 1306 2642 816 1006 1950
12 1560 1584 1810 1383 1381 1371
4 2337 5283 4607 1703 4320 3798
11 1053 2806 1146 973 2888 904
1 1026 914 1460 1031 739 1210
14 1885 6636 208 1385 4101 130
11 951 3463 755 1014 3029 639
24 352 625 2499 265 490 2057
20 825 832 1273 718 577 964
22 1146 2199 1717 975 1921 1505
8 2201 2721 595 2078 2646 473
24 1090 706 3146 1153 594 2756
12 2224 7374 2911 1360 5817 2451
20 1641 2972 1204 1599 2410 941
8 2827 1564 1972 2311 1282 1760
10 1278 4792 1061 1153 3411 843
12 1783 5645 915 1354 4897 773
17 1535 1196 866 1385 1137 602
15 2044 2919 1086 1467 2389 801
8 3133 2695 2455 2542 2140 2212
15 1737 3256 1120 1573 2466 997
13 1261 4272 2068 944 4228 1581
9 2194 3821 2199 1939 3533 2068
24 540 430 1087 404 396 863
16 1523 8001 797 1348 5140 540
12 1104 946 1909 967 763 1372
2 1414 7347 1536 1139 4971 1165
23 1048 1977 956 919 1527 905
2 2144 5223 2556 2134 3598 2229
1 913 1400 1240 950 1216 1117
4 115 133 1087 99 107 957
16 1098 2911 1283 810 2498 1379
6 1603 1145 1813 1086 881 1504
19 1044 1547 646 776 1397 426
4 641 495 238 559 429 214
2 1727 2195 996 1568 1722 804
5 1951 4921 2063 1482 3478 1579
18 1939 3393 3485 1562 2674 3535
13 981 1023 2314 690 857 1554
3 1364 4643 934 1276 3010 680
6 1437 563 914 1159 372 741
7 775 2363 3294 648 2037 2667
10 1933 3800 462 1416 3372 403
0 522 1707 2384 487 1675 2348
17 751 2893 1462 564 2242 992
0 1125 3105 1072 903 2554 866
14 933 880 2217 795 815 1420
18 305 1594 692 218 988 557
7 319 1529 444 233 1013 307
16 507 1542 1487 319 1084 1139
19 513 814 142 367 703 136
24 1583 1445 2718 1530 1394 2119
20 1287 772 224 1114 581 204
5 1271 1557 1376 1250 1118 1236
21 1365 2333 1787 1162 2127 1156
9 2607 2532 1503 1948 1912 986
11 994 680 4122 678 441 4176
6 756 4036 1303 573 2675 971
13 1180 6162 422 932 4609 417
3 1100 1810 2460 732 1451 2086
10 2925 3005 3112 2067 2670 2254
4 442 2220 1400 352 1419 1253
21 707 1105 2133 648 1059 1957
5 246 365 1124 218 281 829
*******Services*******
12
2
13
5
6
3
15
2
0
0
7
4
1
1
17
1
15
8
4
0
5
8
21
14
10
2
5
5
4
2
15
3
6
10
5
0
8
7
11
20
18
7
0
9
3
1
14
2
3
0
2
1
5
4
10
5
5
0
12
2
6
0
5
0
1
1
2
2
0
2
0
2
0
1
2
2
0
0
0
0
1
0
2
0
0
0
0
1
1
0
1
1
1
0
0
1
2
1
0
0
0
0
0
0
0
0
0
0
0
0
0
0
0
0
0
0
0
0
0
0
0
0
0
0
0
0
0
0
0
0
0
0
0
0
0
0
0
0
0
0
0
0
0
0
0
0
0
0
0
0
0
0
0
0
0
0
0
0
0
0
0
0
0
0
0
0
0
0
0
0
0
0
0
0
0
0
0
0
0
0
0
0
0
0
0
0
0
0
0
0
0
0
0
0
0
0
0
0
0
0
0
0
0
0
0
0
0
0
0
0
0
0
0
0
0
0
*******Processus*******
55 64 477 16
100 1 8 0
38 184 59 1
89 1 0 99
14 117 163 63
28 148 329 15
46 136 17 2
30 141 30 2
77 20 11 33
101 0 7 1
20 418 202 145
67 1 8 9
41 13 49 3
3 1 0 6
102 1 0 135
16 36 24 298
22 48 5 25
10 43 98 39
39 32 167 24
32 3 12 597
15 230 516 14
26 4 2 380
0 90 448 109
42 23 58 2
103 1 7 10
26 18 42 22
33 7 40 16
42 159 107 7
12 46 118 416
43 348 68 4
21 3 5 17
48 48 23 107
36 419 172 50
66 0 3 30
55 193 1333 10
21 8 22 7
37 3 10 11
17 792 691 1
6 97 20 41
14 34 6 13
33 4 2 892
69 9 21 15
47 2 4 313
37 1 0 143
40 297 2529 40
6 54 9 14
24 172 51 20
45 258 231 15
26 15 3 4
12 13 112 0
104 1 0 301
44 27 8 44
38 96 16 4
33 2 2 69
66 0 13 38
14 90 22 1
24 540 371 304
66 5 1 67
58 22 16 77
58 102 82 0
34 1 2 117
105 0 10 255
20 74 148 73
64 9 2 3
55 55 309 16
20 55 264 1
26 16 3 23
18 22 3 784
26 8 10 62
106 1 5 1
35 3 18 7
96 3 0 49
33 2 3 29
35 1 1 62
107 1 0 9
39 226 91 10
23 46 24 4
22 59 299 20
23 54 34 0
108 1 4 220
55 79 292 1
0 134 163 85
27 7 11 3
16 33 5 796
20 716 94 28
7 0 5 5
33 25 35 3
23 24 26 947
22 30 33 1
33 2 1 10
76 4 6 339
90 1 3 0
58 8 16 199
2 109 45 141
6 114 80 10
80 8 6 190
58 252 58 215
87 3 11 230
109 1 10 1
4 417 254 10
58 1 11 74
18 2 13 125
43 656 626 861
37 1 0 11
27 2 1 6
9 4 19 1
51 27 30 568
24 149 424 5
21 0 4 44
22 22 11 1
1 40 145 11
110 1 1 3
26 41 19 8
111 1 3 8
83 1 0 17
20 537 240 110
42 156 175 3
12 136 262 12
39 468 327 1
26 8 7 40
56 12 22 0
112 0 1 30
113 3 27 79
2 126 229 7
6 65 45 0
30 31 15 1
14 34 3 16
12 92 112 43
1 27 5 14
22 43 311 18
26 46 16 24
0 64 20 104
76 2 2 1
17 859 3171 329
79 1 2 135
23 13 10 73
41 98 17 0
80 1 1 147
85 1 3 21
114 3 23 76
62 5 17 1
4 306 2127 16
40 378 454 351
73 0 2 9
16 6 3 113
115 1 7 110
39 448 148 53
116 1 0 3
48 11 2 14
37 6 2 38
1 72 30 149
74 12 23 6
26 31 46 3
4 310 920 755
44 15 3 673
6 204 825 2
76 5 7 244
15 339 2497 96
65 472 331 1
59 3 7 1
21 5 10 50
77 1 1 28
18 3 4 536
32 5 0 119
33 10 1 5
17 640 321 8
39 242 64 222
24 475 108 405
22 8 56 293
96 0 2 16
83 1 0 8
27 5 42 238
25 20 9 125
3 23 42 1
40 208 63 31
24 160 151 98
89 12 14 558
77 2 5 37
36 627 1185 51
15 347 161 47
18 0 2 183
65 42 285 4
1 98 78 19
32 5 1 552
28 474 1273 12
29 276 378 78
10 14 10 1
40 363 2159 2
48 241 768 486
18 22 19 314
24 140 647 12
25 42 16 447
43 461 418 33
77 18 2 119
39 267 200 477
42 12 3 2
28 94 262 22
55 708 173 82
46 53 55 26
82 1 6 8
13 34 195 263
14 80 308 94
6 36 86 115
0 54 307 7
87 1 1 398
63 6 1 4
23 36 14 52
23 34 113 9
46 202 143 0
57 3 0 1
22 64 8 5
21 0 1 38
22 25 108 70
117 1 0 1
34 0 5 0
18 16 40 127
6 243 196 6
13 98 679 80
18 12 19 1
18 1 4 319
32 1 3 3
39 264 1839 23
6 242 29 38
11 16 111 7
118 1 1 13
70 0 3 27
91 1 4 13
85 3 21 172
55 431 108 18
2 284 44 108
119 0 1 4
14 45 16 367
69 19 46 279
120 1 1 213
0 31 8 760
24 230 278 42
28 144 199 3
121 2 2 201
72 11 82 6
0 93 17 128
43 494 58 64
86 1 1 266
39 181 100 0
38 198 57 0
32 3 33 7
29 33 44 30
45 254 50 41
94 4 1 148
35 2 0 10
2 121 205 39
99 2 2 10
75 4 4 485
122 3 4 204
90 1 0 31
32 12 22 12
2 236 85 2
23 9 50 11
20 732 5497 15
14 27 6 57
67 1 7 0
45 517 758 25
26 7 11 445
32 1 3 11
28 240 158 290
42 282 364 15
17 89 293 1
26 25 15 514
39 187 158 86
10 13 1 35
123 2 13 0
26 7 3 8
55 537 814 4
27 8 1 34
33 13 44 386
20 538 115 281
45 84 11 117
31 1 1 11
46 40 152 2
54 25 93 230
124 3 8 0
125 1 1 261
34 1 4 18
64 2 0 248
52 8 0 152
36 483 69 254
14 79 551 3
12 89 26 78
42 37 199 850
76 3 20 32
58 33 307 7
67 2 13 1
18 12 62 1
14 30 15 12
79 2 0 13
2 162 83 62
126 14 9 0
19 94 118 1
14 17 65 3
2 217 665 156
36 610 180 487
46 393 555 668
12 143 53 29
127 2 4 696
15 462 59 1018
75 36 11 0
128 1 1 16
26 15 65 164
129 1 2 24
45 68 83 235
22 142 69 87
16 12 27 12
28 78 11 232
30 52 66 487
28 170 46 492
0 124 33 19
2 136 543 117
69 11 36 113
36 44 387 32
64 11 2 8
0 100 25 3
130 0 6 634
40 70 466 94
131 7 20 4
29 80 384 8
35 9 67 8
23 16 7 390
132 0 6 119
41 21 5 165
133 4 7 129
4 452 101 85
34 6 2 891
26 29 4 9
14 32 57 1
6 56 51 531
22 59 29 32
35 14 141 563
49 328 96 1002
134 0 1 327
38 17 140 1
41 43 9 29
135 11 82 2
30 69 13 680
6 59 74 806
40 335 140 101
136 0 3 2
71 1 1 1
52 5 8 477
62 21 50 6
62 1 0 29
23 52 6 317
58 2 12 180
36 786 217 43
17 939 1509 3
137 0 3 289
2 116 141 153
40 348 599 2
38 684 753 0
5 42 248 1
22 33 6 18
41 6 1 380
62 33 8 49
15 707 1834 2
33 17 35 0
138 1 2 468
10 16 2 51
139 0 0 2
68 1 2 59
63 47 29 27
38 247 161 14
77 4 2 349
47 0 0 37
38 161 1114 81
43 811 551 280
25 22 25 6
140 1 8 29
141 0 0 16
45 302 65 85
42 169 175 59
142 1 1 40
52 5 0 16
143 0 9 5
144 1 1 8
2 135 22 0
16 52 24 1
2 233 708 587
145 4 2 848
33 5 2 11
146 3 1 37
22 42 90 170
98 1 3 0
147 1 13 19
56 26 132 186
34 15 3 383
13 50 88 61
8 179 262 3
36 312 108 8
85 9 6 148
34 3 15 15
36 43 233 0
0 94 28 34
33 2 2 211
23 26 7 6
42 10 10 2
61 1 1 22
148 2 10 14
22 116 53 17
59 2 15 11
39 14 132 9
77 4 0 240
64 5 2 204
6 107 636 55
17 679 229 1
3 9 27 1
39 9 1 3
42 3 0 80
12 251 611 369
29 110 588 265
7 1 14 193
11 35 6 792
17 545 285 74
39 165 102 846
44 38 4 287
42 61 317 8
10 11 1 1
149 0 1 5
5 467 375 703
54 26 14 4
51 77 411 0
96 1 1 0
69 709 103 166
24 125 16 12
35 5 5 24
8 99 189 8
18 4 25 7
24 137 28 481
26 2 15 99
30 80 43 301
3 11 1 21
4 552 612 219
38 56 122 85
150 1 11 279
39 178 181 88
41 15 16 15
48 36 21 153
151 3 1 13
35 16 30 8
152 2 1 474
41 40 54 668
84 1 0 717
94 0 1 9
14 115 165 725
23 23 5 1
12 205 198 1
20 648 5217 374
153 1 1 327
30 111 169 5
17 853 205 1000
21 12 59 0
43 807 167 6
0 73 217 0
30 27 12 46
11 4 4 30
59 0 1 0
50 6 35 124
14 121 202 4
30 377 243 194
11 6 4 3
17 820 5598 1
154 2 0 3
21 4 21 513
98 1 5 150
78 2 6 1
31 4 5 655
22 75 38 8
3 6 4 1
40 204 377 10
22 67 540 1
0 51 246 0
155 0 6 186
61 0 9 226
12 39 48 0
89 1 0 16
46 27 26 4
89 2 20 730
23 29 24 0
86 16 4 167
14 38 240 1
12 142 637 419
12 33 14 7
156 0 0 527
22 24 15 32
40 280 328 547
81 2 1 409
23 57 37 871
54 20 30 103
157 1 4 13
42 179 438 573
2 110 26 652
15 247 470 8
33 6 1 42
158 0 1 14
66 2 13 909
64 2 0 11
9 14 46 508
88 4 12 1
82 1 1 339
60 1 0 950
33 23 155 11
34 2 17 2
159 1 1 1
28 260 73 128
160 2 7 22
23 42 94 19
20 474 66 1
54 14 59 2
81 0 1 82
42 81 13 15
161 3 6 0
5 146 73 466
40 407 375 2
60 3 2 927
18 2 1 6
162 0 1 0
82 1 8 7
54 187 1113 213
163 1 0 368
95 11 9 76
30 110 95 19
0 87 645 536
24 219 736 1
2 161 1454 1
53 36 29 93
2 51 10 27
164 0 1 12
23 25 3 668
60 5 24 255
10 34 46 2
6 38 146 180
0 124 22 1
4 452 107 50
4 409 207 341
2 54 28 14
17 869 1066 35
18 18 15 8
74 3 8 889
48 15 12 20
22 204 66 46
26 5 15 24
46 5 5 11
34 13 36 125
165 0 1 422
37 9 11 189
34 5 6 539
71 4 33 1
23 51 13 30
16 5 4 11
38 337 1679 82
1 60 75 541
166 1 2 272
16 14 3 20
31 2 13 0
38 482 294 19
23 63 241 4
19 15 14 2
84 2 1 462
71 0 0 15
63 4 7 15
20 593 287 0
30 16 118 10
56 1 4 50
6 117 484 16
36 235 63 12
65 8 9 14
30 100 289 426
20 873 2182 55
35 2 12 0
39 279 880 14
16 14 9 1059
46 388 82 617
78 1 0 145
167 2 1 18
3 4 7 7
53 8 1 23
23 127 36 8
12 20 173 33
45 359 79 0
38 284 119 12
11 20 9 1
92 1 1 1
16 46 10 23
2 86 16 1
27 9 1 6
43 555 312 713
40 19 162 3
22 80 166 244
54 4 2 0
46 25 19 50
48 3 12 5
59 2 1 1
8 240 118 39
39 83 80 916
26 9 2 5
27 2 1 5
50 7 18 4
9 8 7 7
30 171 249 1
23 29 84 3
63 37 144 477
33 15 51 0
70 3 0 11
48 329 54 149
42 39 5 0
19 8 9 935
168 2 12 488
26 36 7 20
56 12 25 1
28 256 418 1
24 188 59 132
37 6 4 413
24 331 439 51
6 130 355 2
8 144 61 50
20 931 188 81
169 1 6 26
58 41 9 5
76 4 36 24
23 45 26 15
1 48 95 7
20 36 141 1
28 134 125 2
38 232 1690 173
170 13 84 51
32 20 26 800
32 9 1 215
48 43 8 1
28 39 351 3
50 25 15 766
54 6 1 18
58 20 125 19
55 762 305 14
95 0 8 6
18 17 134 97
171 0 1 31
99 3 14 397
40 329 393 768
3 8 12 36
29 71 10 164
1 57 38 5
28 106 357 1
43 80 370 0
28 385 378 12
3 15 4 22
76 3 1 3
83 0 4 69
30 49 7 249
172 0 3 1
5 590 163 66
55 373 109 86
18 2 0 40
56 19 68 748
2 82 56 31
23 75 36 603
14 100 55 61
39 56 241 1
63 322 1605 745
173 1 8 463
68 4 1 0
21 1 2 1
35 6 20 24
20 567 191 2
46 42 343 62
14 45 110 953
174 0 0 94
175 0 7 49
35 3 1 75
17 577 1593 19
43 313 67 138
45 220 136 28
66 7 35 498
93 0 1 49
176 0 1 5
56 3 21 8
43 60 110 1
26 16 11 59
177 5 1 3
0 161 88 361
178 2 4 2
55 589 631 2
28 145 738 143
44 19 24 72
38 664 1136 2
23 72 11 37
24 421 413 944
2 208 487 4
60 8 0 14
62 2 5 8
179 4 33 215
44 2 0 256
54 19 64 9
14 45 75 5
16 10 79 362
8 58 80 8
39 131 439 7
22 67 387 0
180 1 1 78
12 105 149 101
34 6 1 9
181 0 2 38
0 160 466 8
182 0 1 2
10 14 13 12
23 24 12 4
42 17 47 5
54 8 33 11
72 3 1 83
23 23 28 122
46 4 22 0
20 671 105 140
91 1 1 201
14 88 347 1
26 34 10 10
46 236 85 46
45 19 65 19
1 82 139 338
36 585 961 7
82 1 1 268
183 0 4 26
84 3 5 52
73 0 4 24
26 4 1 4
44 13 0 23
44 2 1 35
41 61 39 528
16 13 53 28
67 6 13 828
57 7 22 31
30 90 152 261
35 4 2 11
16 12 32 419
184 1 0 50
12 239 194 27
78 1 2 541
16 14 19 2
22 75 166 3
33 1 11 105
12 105 13 48
54 8 57 0
64 5 14 8
5 205 1680 1
24 117 398 0
77 1 3 3
36 279 144 35
12 50 44 16
61 9 50 0
33 15 10 54
42 192 35 140
38 316 1851 33
25 22 78 573
40 171 64 186
53 41 16 712
40 295 1097 46
185 1 20 621
77 51 205 90
186 0 11 4
187 2 3 614
16 12 6 378
27 5 16 12
31 0 0 876
24 248 40 604
188 1 2 58
33 0 5 25
2 50 98 63
56 34 7 50
33 6 16 43
55 821 2211 15
39 396 761 301
21 8 2 2
18 18 1 88
10 14 24 254
10 53 36 182
39 427 159 103
17 784 677 139
48 3 1 4
22 24 91 1
97 1 0 483
46 295 523 0
40 623 620 326
0 152 176 2
39 217 26 114
19 25 44 4
12 84 19 850
40 178 1020 749
75 599 1324 144
8 136 32 16
42 172 517 461
28 237 132 255
54 41 16 330
45 233 305 15
48 134 47 145
34 4 12 0
2 109 272 173
10 5 1 5
62 5 8 874
1 153 276 19
16 4 18 16
17 712 170 50
189 2 8 1020
24 173 28 4
45 46 28 11
21 4 0 91
46 260 1308 230
190 0 1 26
52 38 181 30
32 2 17 2
191 0 0 144
42 23 3 432
35 1 1 722
49 806 104 723
192 1 0 120
34 8 12 0
17 85 520 1
16 25 18 94
38 207 1067 29
0 46 68 3
193 1 4 2
43 827 181 463
48 57 212 81
58 21 23 324
14 43 48 646
34 0 1 51
194 0 1 116
97 0 3 316
53 35 66 6
69 5 1 145
40 179 39 2
45 36 169 25
35 24 113 1
31 0 1 1069
35 10 33 34
1 129 39 0
28 132 958 2
30 112 26 65
61 1 1 1
55 56 242 35
23 32 19 1026
45 381 89 1
74 8 4 9
25 7 4 597
24 152 48 1
39 155 243 14
14 33 26 1
195 0 0 410
196 1 5 4
88 1 1 22
22 25 9 5
60 10 18 787
19 48 26 553
58 361 65 947
7 0 11 2
54 4 11 1
6 51 51 21
58 315 1964 81
55 526 293 9
21 3 17 756
33 9 18 512
28 144 585 0
35 9 31 2
15 138 204 4
48 35 33 1
0 68 87 1
41 27 5 600
197 0 0 931
30 41 296 35
18 30 105 126
40 595 874 566
198 4 2 2
10 7 8 334
46 24 4 152
42 80 428 703
92 3 0 174
24 422 1522 123
24 76 55 479
39 337 1177 156
199 0 0 1
42 34 108 1
46 239 607 239
46 179 319 9
2 245 75 0
65 10 12 8
0 83 25 7
64 6 23 527
27 2 0 0
25 118 16 201
77 5 4 239
48 310 643 4
60 3 11 656
200 1 5 447
34 14 4 4
201 1 1 927
64 2 1 1
4 352 462 9
46 235 930 721
202 1 7 260
84 18 3 55
69 824 174 4
48 426 118 354
93 3 7 2
35 4 34 6
33 12 10 603
42 32 60 1020
203 1 3 346
204 3 24 9
205 0 1 550
77 5 0 0
35 16 16 35
12 88 481 526
21 0 1 0
206 2 5 345
35 11 14 23
40 257 564 90
78 25 61 14
53 49 34 5
207 0 0 26
32 2 13 2
24 191 337 148
62 7 2 4
208 1 3 323
27 0 1 28
60 7 34 603
209 2 1 2
42 19 21 14
28 163 76 260
12 160 381 244
21 6 8 12
37 13 86 103
13 16 27 191
210 0 2 54
82 1 1 31
1 68 144 22
80 0 2 678
16 25 113 24
211 1 1 829
77 2 0 1
5 400 139 110
53 20 59 396
24 150 74 997
61 19 43 7
17 847 528 178
24 134 237 174
5 308 168 11
18 5 42 208
34 11 2 0
2 109 143 4
42 13 88 148
14 104 28 944
72 3 8 14
6 115 46 6
17 71 346 65
28 53 270 762
15 48 284 2
39 87 18 120
212 5 5 3
37 36 78 2
78 0 1 2
39 206 682 225
22 31 47 361
2 237 201 337
26 8 2 67
6 92 185 3
213 1 0 8
26 20 20 1
28 32 113 0
29 45 14 723
40 237 488 4
55 43 11 60
85 2 4 2
52 0 5 5
214 1 7 96
20 55 19 7
39 26 50 3
40 461 3792 1
4 64 113 6
42 74 19 70
2 49 282 2
40 671 321 12
52 8 5 105
58 37 23 9
42 8 1 5
26 20 6 53
18 41 274 3
48 26 52 2
28 178 122 22
53 74 232 1
8 46 13 0
215 0 10 14
35 10 6 45
45 60 29 20
21 0 6 28
47 0 1 105
66 15 1 2
