nbLocalisations 4
nbRessources 4
nbMachines 100
nbProcessus 900
nbServices 980
*******Machines*******
2 2767 3708 4504 1392 2200 2887 3174 984
1 487 540 684 933 418 421 633 655
1 2289 2205 2871 1678 1821 1623 2014 1333
2 795 736 1218 436 645 642 1020 391
1 2023 1776 11475 5398 1425 1327 10072 4096
1 3730 3342 13584 4221 3282 2848 10704 3370
3 3235 2862 1974 1054 2643 2167 1636 904
3 2251 1822 2019 2374 1777 1491 1726 1696
1 2557 2529 16179 2026 2161 2122 15012 1455
0 2640 2214 4710 1669 2235 1873 3898 1390
0 5251 4633 7839 1885 4846 3757 6843 1521
0 3034 3832 10272 3411 2632 2842 9747 2718
2 2539 2880 7270 4059 2314 2332 5887 2941
3 2041 2946 5613 4942 1678 2647 5139 4620
3 2533 3400 1611 2581 2193 3171 1414 2290
2 1330 1300 6462 1755 1209 948 4806 1483
3 4638 2859 4054 4042 4011 2535 3648 3043
0 1836 2968 4357 2323 1357 2356 3798 2023
0 2466 2547 3541 1672 1752 1854 3015 1498
2 2152 2874 4449 3369 1804 2593 3588 2458
1 747 567 454 130 571 427 363 109
0 4365 4833 15658 4599 3234 4039 11116 4050
2 1632 1398 1743 1581 1507 1017 1369 1159
2 3922 4789 4092 3570 3391 4003 3271 3040
3 2547 2512 3012 2200 2095 1942 2655 1975
2 1258 1458 1339 873 1068 1315 1111 825
2 2955 3864 11839 4417 2785 2853 9790 3988
3 3180 2875 2988 3075 2239 2107 2727 2686
0 2338 2644 13648 1198 2080 2170 10425 1044
2 430 466 2742 303 388 367 1981 262
1 165 234 727 363 154 192 645 270
3 1560 1951 1788 1552 1270 1429 1441 1410
3 1806 1750 4500 2197 1290 1569 3846 1629
3 1051 1137 6031 1081 846 975 4884 943
0 2790 2454 5886 1923 2325 1788 4402 1680
1 1003 1086 2754 237 810 918 2334 181
3 3718 3156 2761 5679 2739 2511 2284 4122
2 831 664 2533 2928 597 571 2281 2326
0 3493 2281 7987 688 2461 1815 6516 577
1 3189 3075 9712 480 2589 2911 8517 349
0 3354 3900 1354 4018 2940 2877 1221 2923
2 4420 4845 2655 2022 4078 3933 2128 1837
1 1956 2308 4005 2982 1653 1812 2986 2301
3 664 952 904 2151 486 891 717 1989
3 384 315 546 2619 289 253 397 1996
3 1012 1644 3238 325 805 1545 3000 243
1 2311 1767 2196 5334 2073 1603 2061 4009
3 4233 4707 9877 4626 3160 3565 7891 4078
1 2076 2001 4534 2829 1690 1764 4188 2604
3 2662 3184 4311 1888 1878 2922 3580 1756
1 1351 1782 2922 1633 1248 1321 2236 1308
1 2278 2061 7966 1348 1861 1909 5910 1131
2 1789 1647 3870 3013 1611 1369 3037 2160
2 4704 4929 16165 2503 3465 3862 12543 2115
2 1590 1410 5233 1530 1200 1030 3991 1404
1 1789 2128 2884 1882 1666 1542 2211 1437
2 1693 1089 883 3252 1303 1024 742 2866
2 3199 4119 12532 1212 2865 3004 10389 1080
1 903 1243 1188 1696 811 1132 939 1288
3 1974 1846 3094 2188 1567 1356 2220 1615
2 3771 3198 7738 5829 2755 2634 6723 4266
1 954 1224 808 1983 700 1089 580 1662
0 1777 2346 3792 4395 1330 1758 3048 4068
3 994 783 1195 676 877 588 979 606
0 2457 3541 1123 2988 2034 3238 901 2151
0 1443 1810 4084 2523 1056 1701 3402 2158
0 1380 1038 948 253 1255 783 873 226
2 4404 5823 8569 2550 3574 5326 6837 2392
1 1872 1741 3055 4090 1776 1422 2833 3679
3 597 613 306 2368 421 445 235 1761
0 1596 1542 2949 1830 1321 1288 2125 1362
0 5124 8038 16413 2577 4722 5922 12144 1980
0 1033 1353 4768 1824 771 1195 4023 1465
3 2008 2331 2248 2290 1503 1986 1978 1668
2 1411 1560 7650 3553 1278 1158 6547 2805
0 6690 5214 27240 2548 5659 4612 21300 2287
0 4012 3069 11467 4869 3015 2184 8071 3898
1 1824 2160 3790 4752 1407 1839 3538 3924
1 478 441 1248 1800 393 355 1095 1434
0 1698 1410 6273 2001 1444 1290 5268 1435
2 5338 6552 7716 1191 5032 5443 7066 910
0 2122 2473 3801 1218 1713 1972 3276 921
2 3463 3834 9766 907 3060 3352 8983 657
2 1756 1782 2335 3853 1260 1338 1717 3643
1 1726 2629 1540 3448 1485 2233 1452 3234
2 3393 3430 15160 1975 2509 2835 11686 1395
3 1558 1065 2062 234 1176 891 1615 165
3 1603 2338 811 652 1260 1990 765 484
3 969 681 405 2548 730 543 301 2017
0 2949 2445 5472 3183 2385 2028 4842 2812
3 2067 2319 2577 1468 1657 1710 1879 1152
1 2704 2689 6727 2577 2289 2301 5932 2311
1 1708 1398 1587 2776 1276 1054 1258 2542
1 3456 3945 9549 769 2847 2862 7323 604
2 2955 4345 11278 975 2070 3858 8085 691
0 774 949 2881 270 687 678 2145 238
1 3378 4563 2664 1044 2400 3225 2092 859
0 886 907 2610 1335 691 637 2256 964
3 1407 1711 780 4027 1018 1405 684 2938
0 2262 2713 1206 4726 2067 2376 1072 4483
*******Services*******
1
1
0
1
0
2
1
0
0
0
0
0
0
0
0
0
0
0
0
0
0
0
0
0
0
0
0
0
0
0
0
0
0
0
0
0
0
0
0
0
0
0
0
0
0
0
0
0
0
0
0
0
0
0
0
0
0
0
0
0
0
0
0
0
0
0
0
0
0
0
0
0
0
0
0
0
0
0
0
0
0
0
0
0
0
0
0
0
0
0
0
0
0
0
0
0
0
0
0
0
0
0
0
0
0
0
0
0
0
0
0
0
0
0
0
0
0
0
0
0
0
0
0
0
0
0
0
0
0
0
0
0
0
0
0
0
0
0
0
0
0
0
0
0
0
0
0
0
0
0
0
0
0
0
0
0
0
0
0
0
0
0
0
0
0
0
0
0
0
0
0
0
0
0
0
0
0
0
0
0
0
0
0
0
0
0
0
0
0
0
0
0
0
0
0
0
0
0
0
0
0
0
0
0
0
0
0
0
0
0
0
0
0
0
0
0
0
0
0
0
0
0
0
0
0
0
0
0
0
0
0
0
0
0
0
0
0
0
0
0
0
0
0
0
0
0
0
0
0
0
0
0
0
0
0
0
0
0
0
0
0
0
0
0
0
0
0
0
0
0
0
0
0
0
0
0
0
0
0
0
0
0
0
0
0
0
0
0
0
0
0
0
0
0
0
0
0
0
0
0
0
0
0
0
0
0
0
0
0
0
0
0
0
0
0
0
0
0
0
0
0
0
0
0
0
0
0
0
0
0
0
0
0
0
0
0
0
0
0
0
0
0
0
0
0
0
0
0
0
0
0
0
0
0
0
0
0
0
0
0
0
0
0
0
0
0
0
0
0
0
0
0
0
0
0
0
0
0
0
0
0
0
0
0
0
0
0
0
0
0
0
0
0
0
0
0
0
0
0
0
0
0
0
0
0
0
0
0
0
0
0
0
0
0
0
0
0
0
0
0
0
0
0
0
0
0
0
0
0
0
0
0
0
0
0
0
0
0
0
0
0
0
0
0
0
0
0
0
0
0
0
0
0
0
0
0
0
0
0
0
0
0
0
0
0
0
0
0
0
0
0
0
0
0
0
0
0
0
0
0
0
0
0
0
0
0
0
0
0
0
0
0
0
0
0
0
0
0
0
0
0
0
0
0
0
0
0
0
0
0
0
0
0
0
0
0
0
0
0
0
0
0
0
0
0
0
0
0
0
0
0
0
0
0
0
0
0
0
0
0
0
0
0
0
0
0
0
0
0
0
0
0
0
0
0
0
0
0
0
0
0
0
0
0
0
0
0
0
0
0
0
0
0
0
0
0
0
0
0
0
0
0
0
0
0
0
0
0
0
0
0
0
0
0
0
0
0
0
0
0
0
0
0
0
0
0
0
0
0
0
0
0
0
0
0
0
0
0
0
0
0
0
0
0
0
0
0
0
0
0
0
0
0
0
0
0
0
0
0
0
0
0
0
0
0
0
0
0
0
0
0
0
0
0
0
0
0
0
0
0
0
0
0
0
0
0
0
0
0
0
0
0
0
0
0
0
0
0
0
0
0
0
0
0
0
0
0
0
0
0
0
0
0
0
0
0
0
0
0
0
0
0
0
0
0
0
0
0
0
0
0
0
0
0
0
0
0
0
0
0
0
0
0
0
0
0
0
0
0
0
0
0
0
0
0
0
0
0
0
0
0
0
0
0
0
0
0
0
0
0
0
0
0
0
0
0
0
0
0
0
0
0
0
0
0
0
0
0
0
0
0
0
0
0
0
0
0
0
0
0
0
0
0
0
0
0
0
0
0
0
0
0
0
0
0
0
0
0
0
0
0
0
0
0
0
0
0
0
0
0
0
0
0
0
0
0
0
0
0
0
0
0
0
0
0
0
0
0
0
0
0
0
0
0
0
0
0
0
0
0
0
0
0
0
0
0
0
0
0
0
0
0
0
0
0
0
0
0
0
0
0
0
0
0
0
0
0
0
0
0
0
0
0
0
0
0
0
0
0
0
0
0
0
0
0
0
0
0
0
0
0
0
0
0
0
0
0
0
0
0
0
0
0
0
0
0
0
0
0
0
0
0
0
0
0
0
0
0
0
0
0
0
0
0
0
0
0
0
0
0
0
0
0
0
0
0
0
0
0
0
0
0
0
0
0
0
0
0
0
0
0
0
0
0
0
0
0
0
0
0
0
0
0
0
0
0
0
0
0
0
0
0
0
0
0
0
0
0
0
0
*******Processus*******
10 0 0 0 2
11 340 348 98 21
12 0 0 2 317
13 2 2 0 16
0 174 310 54 0
14 188 178 34 2
15 71 132 225 143
16 2 1 2 206
17 6 8 24 93
18 73 96 63 5
19 232 442 637 558
20 2 2 0 25
21 8 6 7 12
22 12 14 1 128
23 3 2 10 4
24 1 2 4 0
25 56 67 29 444
26 38 70 152 2
27 9 8 18 2
28 0 0 0 16
29 14 11 1 5
30 38 35 36 526
31 1 0 2 134
32 48 41 8 726
33 120 232 940 6
34 55 32 256 68
35 338 244 233 7
36 104 186 130 1
37 180 354 29 97
38 28 44 61 0
39 0 0 0 154
40 208 111 401 0
41 40 71 25 13
42 156 310 41 8
43 164 240 660 439
44 32 47 140 4
4 85 124 481 0
45 81 68 344 0
46 22 19 21 148
47 104 62 108 6
48 6 5 46 326
49 21 28 40 243
50 4 4 15 0
51 0 0 0 81
52 295 463 171 37
53 1 2 6 475
2 1 1 2 20
54 1 1 0 9
55 0 0 4 0
56 50 38 12 147
57 4 6 3 20
58 8 6 4 199
59 1 0 5 155
60 0 0 0 6
61 596 599 320 511
62 476 852 763 65
63 16 15 142 2
64 30 17 10 192
65 3 2 16 123
66 120 177 32 5
67 27 17 28 198
68 44 24 63 740
8 110 126 774 20
69 0 0 5 16
70 108 132 163 1
71 419 211 2579 4
72 106 99 17 24
73 59 68 15 17
74 455 665 136 43
75 518 703 282 35
76 8 12 24 715
77 0 0 5 524
78 422 490 3240 4
79 7 7 14 8
80 16 11 52 128
81 0 0 3 1
82 0 0 0 124
83 51 37 28 4
84 0 0 0 123
85 164 133 92 2
86 139 84 674 1
87 0 0 0 20
88 636 1022 3611 42
89 14 14 27 111
90 32 19 200 3
91 0 0 0 682
92 5 9 38 637
93 0 0 0 87
94 405 268 62 43
95 5 2 31 2
96 267 340 2020 493
97 125 80 220 65
98 357 419 250 5
99 319 639 115 43
100 98 148 16 132
101 20 11 3 1
102 8 5 33 128
103 20 14 11 1
104 3 5 0 33
105 215 256 101 24
106 35 60 143 11
107 2 1 0 8
108 330 238 520 263
109 38 43 10 0
110 424 272 2445 104
111 0 0 1 1
4 81 54 16 0
112 1 0 13 10
113 96 111 45 42
114 4 8 13 32
115 160 86 615 0
116 20 26 35 430
117 480 914 2524 0
118 0 0 3 98
119 36 73 8 4
120 6 3 1 0
121 1 0 0 32
122 4 3 0 72
123 243 372 724 3
124 16 12 3 326
125 1 1 5 608
126 55 92 17 0
127 263 135 251 538
0 101 58 32 131
2 8 4 1 0
128 4 4 19 4
129 175 248 179 156
130 0 0 0 240
131 4 3 1 3
132 303 236 900 0
133 8 7 22 0
134 12 25 4 0
135 0 0 0 2
136 261 284 872 1
137 130 178 68 291
138 0 0 5 2
139 4 4 8 44
140 49 51 186 757
141 496 312 3029 20
142 363 438 432 391
143 8 4 3 214
144 3 3 1 48
145 63 111 19 720
146 4 2 1 106
147 714 462 397 11
148 248 312 2036 20
149 2 0 5 1
150 122 65 343 4
151 9 8 19 0
152 8 4 13 2
153 20 25 4 485
154 39 45 56 59
155 48 53 283 12
156 237 160 224 1
157 10 5 3 623
158 15 13 13 471
159 18 32 3 14
160 0 0 4 3
161 131 80 228 6
162 81 78 132 28
163 681 1174 1660 0
164 658 636 5518 104
165 4 4 1 1
166 564 487 99 535
167 64 49 317 125
168 273 217 94 497
169 24 19 104 22
170 20 19 137 2
171 9 4 0 4
172 0 0 0 14
173 24 36 4 4
174 0 0 1 6
175 132 90 700 11
176 26 43 6 34
177 64 64 124 2
178 39 69 16 0
179 28 28 222 11
180 1 3 0 17
181 100 97 28 4
182 78 68 119 5
183 228 224 74 37
184 14 8 56 2
185 663 483 540 1
186 6 5 4 774
187 72 44 48 432
188 5 3 0 45
189 16 9 86 1
190 8 9 15 0
191 293 293 915 724
192 9 15 2 1
193 0 1 4 0
194 340 241 1178 1
195 39 45 40 48
196 20 19 49 4
197 108 99 16 288
198 52 35 9 11
199 17 9 10 89
200 203 375 1296 0
201 0 0 2 44
202 61 36 12 165
203 37 48 12 42
204 11 6 53 0
205 0 0 0 34
206 24 18 4 353
207 700 780 152 25
208 196 179 245 2
209 15 12 24 209
210 40 80 67 3
211 105 168 79 7
212 687 408 5573 2
213 186 188 276 4
214 52 73 56 135
215 1 0 1 598
216 52 77 40 4
217 0 0 0 28
218 48 30 171 94
219 446 415 3806 34
220 32 54 12 64
221 4 4 0 110
222 52 68 45 10
223 1 0 8 13
224 6 4 1 32
225 13 19 27 400
226 23 16 52 0
227 16 21 32 0
228 0 0 4 0
229 15 13 1 76
230 0 0 0 2
231 2 2 5 142
232 109 73 26 12
233 486 544 77 0
234 1 0 5 4
235 5 7 16 120
236 108 149 273 0
237 239 296 88 43
238 13 9 84 359
239 15 9 16 593
240 0 1 2 0
241 0 1 0 9
242 0 0 7 216
243 210 119 1653 783
244 75 56 604 48
245 16 16 2 38
246 2 4 1 138
247 4 5 12 8
248 0 0 0 112
249 0 0 3 95
250 86 102 328 114
251 2 5 0 32
252 4 3 8 16
253 3 3 1 3
254 1 0 6 108
255 60 58 432 118
256 180 104 46 15
257 7 7 1 308
258 10 17 2 0
259 14 11 20 178
260 80 124 24 0
261 350 236 240 1
262 594 861 622 90
263 13 8 72 8
264 424 235 228 12
265 168 223 296 9
266 0 0 0 86
267 81 135 108 781
268 12 12 4 260
269 88 102 471 69
270 180 194 91 35
271 112 76 559 43
272 0 0 3 69
273 0 0 2 9
274 26 21 4 80
275 4 5 1 8
276 8 5 6 1
277 88 113 396 4
278 2 5 1 61
279 651 372 295 27
280 2 0 3 483
281 0 0 0 430
282 0 0 1 0
283 0 0 6 4
284 104 92 49 65
285 7 4 51 3
286 12 16 1 374
287 3 1 0 16
288 4 5 1 29
289 272 310 100 6
290 1 1 8 38
291 2 1 0 0
292 30 38 144 5
293 11 11 12 33
294 4 4 0 12
1 8 11 32 232
295 9 6 4 36
296 0 1 6 6
297 1 0 8 640
298 130 180 358 0
299 28 14 29 660
300 151 250 20 1
301 204 258 79 0
302 408 540 329 114
303 14 10 3 104
304 560 456 2904 0
305 59 118 20 14
306 0 1 5 11
307 0 2 0 132
308 144 79 244 506
309 0 0 0 0
310 10 12 73 27
4 136 122 311 30
311 1 0 0 3
312 9 12 6 147
313 0 0 8 14
314 0 0 4 88
315 124 90 45 8
316 37 23 128 748
317 62 40 279 0
318 28 15 64 2
319 106 53 352 1
320 32 48 47 1
321 0 0 4 15
322 255 442 270 2
3 48 80 11 9
323 20 21 62 0
324 9 4 15 128
325 344 413 2475 0
326 42 21 12 43
7 5 4 39 2
327 96 49 92 245
328 4 9 41 24
329 4 2 19 304
330 48 24 35 2
331 104 78 82 3
332 2 4 0 2
333 0 0 0 189
334 16 21 110 0
335 1 0 4 147
336 716 676 3130 36
337 6 4 15 322
338 0 0 6 108
339 12 9 4 194
340 102 74 252 8
1 15 31 7 112
341 90 55 37 16
342 108 85 79 57
343 292 260 40 56
344 0 0 0 0
345 26 48 12 269
346 328 293 48 394
347 12 19 1 21
348 4 8 3 150
349 48 50 103 1
350 2 0 4 143
351 120 114 225 2
352 8 11 8 53
353 1 3 0 3
354 27 49 12 37
355 227 209 344 42
356 11 14 44 10
357 4 8 12 7
358 6 11 2 30
359 4 5 1 48
360 0 0 0 0
5 2 1 4 60
361 46 56 29 0
362 7 11 51 308
363 0 1 3 241
364 14 18 29 76
365 584 442 79 3
366 12 11 14 7
367 36 30 20 6
368 448 296 303 8
369 73 80 448 374
370 14 19 26 20
371 41 49 103 8
372 71 54 284 76
373 60 69 67 16
374 4 4 1 7
375 70 78 57 4
376 25 50 8 22
377 180 127 111 407
378 13 16 8 230
379 32 34 119 360
380 2 3 19 115
381 616 1024 4613 0
382 1 1 6 2
383 1 2 2 408
384 71 87 134 432
385 3 1 16 1
386 3 6 2 12
387 26 30 197 1
3 89 55 299 42
388 7 14 37 152
389 68 104 23 13
390 1 1 0 438
391 1 1 10 648
392 316 191 84 3
393 1 1 5 724
394 24 20 97 0
395 402 304 692 12
396 32 16 8 1
397 20 29 4 296
398 1 1 18 789
399 286 193 560 128
400 18 10 28 664
401 104 184 140 0
402 101 82 22 2
403 16 25 8 192
404 24 14 36 0
405 1 0 1 28
406 43 27 124 6
407 0 0 1 24
408 262 236 146 4
409 4 6 29 3
410 213 145 423 7
411 2 4 3 6
412 41 20 201 603
413 624 591 3877 4
414 40 26 15 300
415 45 62 196 413
416 0 1 0 24
417 381 357 2528 78
418 1 2 4 11
419 0 0 0 0
420 115 204 44 296
421 93 164 129 8
422 121 180 572 4
423 17 27 13 20
424 0 0 3 3
425 31 24 120 180
426 4 2 8 12
427 18 15 5 1
3 64 51 34 128
428 46 33 8 10
429 35 57 24 20
4 132 103 20 2
430 2 0 12 229
431 12 21 29 108
432 617 480 145 5
433 24 16 7 0
434 2 0 0 28
435 0 0 0 47
436 1 1 8 39
437 0 1 0 82
438 408 400 592 8
439 12 11 36 0
440 39 60 19 46
441 577 680 1612 0
442 153 200 53 4
443 0 0 0 209
444 0 0 0 0
445 2 3 0 6
446 4 1 0 1
447 17 20 84 4
448 25 26 138 32
449 29 49 13 24
450 178 276 63 532
451 357 257 1942 197
452 227 277 665 24
453 388 415 216 410
454 0 1 0 6
455 8 11 4 384
456 560 472 1996 31
457 107 108 181 72
458 22 36 32 290
459 44 81 182 0
460 34 28 91 352
461 4 8 39 16
462 0 0 8 778
463 0 0 3 130
464 31 18 9 323
465 6 3 0 534
466 145 74 388 25
467 4 8 6 0
468 319 472 94 133
469 713 1119 1521 564
470 7 4 4 1
471 4 4 38 36
472 210 172 90 568
473 39 62 49 2
474 19 24 60 256
475 32 39 13 55
476 23 24 101 16
477 142 201 459 9
478 1 1 0 3
479 310 442 112 584
480 8 12 6 714
481 184 275 294 144
482 135 106 17 4
483 624 556 190 222
484 4 3 0 27
485 6 6 0 28
486 8 9 15 0
487 4 1 0 11
488 434 582 76 2
489 61 52 64 460
490 0 2 8 126
491 0 0 0 12
492 1 0 0 0
493 16 16 29 609
494 502 841 3667 247
495 16 22 56 23
496 17 19 11 8
497 15 12 10 126
498 251 148 120 388
499 27 26 62 7
500 10 8 9 0
501 0 0 0 11
5 4 3 34 438
502 1 1 1 5
503 705 616 352 3
504 2 0 0 2
505 3 6 8 105
506 0 0 0 1
507 288 145 768 47
508 0 0 0 42
509 1 3 0 635
510 104 177 25 0
511 4 4 12 49
512 41 22 35 2
513 14 25 42 0
514 432 415 3145 10
515 44 25 21 52
516 2 4 10 5
517 33 46 6 244
518 5 8 8 0
519 503 431 3027 82
520 29 33 16 0
521 133 80 124 1
522 704 448 3014 208
5 10 5 32 4
523 2 1 1 107
524 584 753 88 17
525 408 368 260 414
526 24 32 67 723
527 12 8 66 0
528 0 0 5 53
529 299 247 182 41
530 102 55 836 24
531 7 7 3 4
532 7 7 10 16
533 6 6 56 140
534 0 1 4 3
535 11 14 1 32
536 448 588 484 13
537 27 29 224 55
538 20 35 6 20
539 0 0 1 104
540 11 6 3 0
541 406 601 1540 84
542 319 408 769 77
543 1 1 5 76
544 4 9 8 1
545 9 5 18 644
546 3 3 0 40
547 1 2 0 100
548 65 44 34 0
549 2 4 4 160
550 503 272 484 4
551 14 12 24 356
552 134 252 128 98
553 48 44 19 0
554 87 65 532 0
555 16 12 11 6
556 4 8 20 711
557 110 120 303 4
558 180 116 124 4
559 8 8 8 12
560 11 20 72 24
561 510 517 3131 74
562 101 80 42 3
563 0 0 5 79
564 10 16 5 164
565 16 9 2 715
566 3 5 2 4
567 12 8 1 264
568 24 23 12 3
569 60 91 49 530
570 22 15 59 5
571 14 8 35 108
572 2 1 0 79
573 2 1 15 633
574 80 126 16 213
575 34 33 62 33
576 1 0 7 18
577 420 699 368 15
578 431 648 85 20
579 25 16 4 43
580 71 109 241 3
581 5 4 3 732
582 1 2 4 2
583 676 476 292 2
584 540 690 77 68
585 13 11 76 511
586 64 120 12 0
6 180 168 1294 2
587 12 7 1 52
588 1 1 4 1
589 26 28 177 19
590 50 25 15 425
591 44 32 8 50
592 4 3 25 0
593 205 168 172 1
594 4 2 6 684
595 44 31 9 77
596 91 72 83 173
597 4 8 12 761
598 52 38 49 1
599 2 3 8 37
600 3 1 0 262
601 0 2 0 23
602 341 385 2876 49
603 0 0 0 3
604 275 508 92 7
605 145 164 681 0
606 3 2 1 96
607 129 66 902 4
608 1 1 0 310
609 212 260 97 442
610 5 3 1 4
611 75 40 577 48
612 20 25 134 3
613 47 29 44 96
614 276 513 1442 3
615 8 11 22 9
616 76 111 48 2
617 25 26 34 4
618 185 98 172 0
619 147 174 58 20
620 191 248 188 12
621 124 203 160 1
622 194 203 160 47
623 627 440 1543 559
624 80 44 338 42
625 194 244 48 236
626 2 3 5 0
627 703 649 319 11
628 5 6 5 248
629 16 8 14 1
630 46 37 6 53
631 114 202 154 139
632 309 228 84 0
633 30 19 56 6
634 18 33 4 21
635 198 108 34 2
636 6 3 2 0
637 705 551 467 2
638 51 54 266 3
639 80 46 401 56
640 326 604 136 0
641 4 5 4 0
642 22 41 13 12
643 1 3 0 132
644 188 319 82 27
645 101 57 52 438
646 468 619 672 9
647 23 36 8 63
648 17 28 27 11
649 1 1 2 9
650 318 269 341 175
651 0 0 3 1
652 12 14 4 348
653 162 109 1341 705
654 46 32 57 33
655 58 81 298 2
656 12 22 74 108
657 1 2 1 24
658 24 27 5 0
659 222 129 215 76
660 12 8 48 0
661 130 145 19 4
662 412 554 138 616
663 40 60 21 48
664 45 48 74 222
665 192 132 999 44
666 81 84 17 48
667 44 31 60 12
668 40 24 24 0
669 131 220 727 8
670 24 31 147 2
671 7 6 1 50
672 2 3 5 6
673 66 47 43 0
674 287 169 72 1
675 1 0 0 103
676 4 2 8 2
677 5 10 20 0
678 0 1 0 11
679 0 2 0 30
680 16 14 84 496
681 1 3 0 556
682 3 2 2 6
683 6 3 2 42
684 596 302 246 32
685 47 24 364 664
686 252 268 443 4
687 430 277 416 42
688 204 328 1044 12
689 12 12 38 1
690 1 3 0 266
691 164 183 63 3
692 6 8 0 1
693 92 88 385 35
694 117 67 71 42
695 48 36 9 645
696 18 29 22 13
697 0 0 5 0
698 131 91 580 5
699 334 320 143 6
700 425 299 877 576
701 0 2 0 1
702 32 32 19 48
703 13 13 1 78
704 60 67 18 771
705 3 1 0 92
706 52 26 11 421
707 31 20 16 2
708 25 16 18 319
709 2 3 1 208
710 0 0 0 296
711 47 35 26 352
712 24 20 8 4
713 65 49 36 3
714 0 0 8 8
715 0 0 0 1
716 3 6 4 472
717 198 228 860 9
718 0 0 0 65
719 550 745 217 44
720 213 116 930 0
721 4 4 2 3
722 5 3 1 3
723 49 90 58 1
724 192 153 64 125
9 39 62 172 28
725 1 3 0 128
726 570 402 126 563
727 0 0 0 40
728 5 8 19 1
729 608 1104 95 280
730 2 3 0 131
731 162 263 71 8
732 43 80 366 312
733 0 0 6 19
734 16 19 54 4
735 7 4 7 292
736 17 27 21 1
737 14 16 6 24
738 18 22 7 252
739 1 0 1 70
740 126 141 1049 400
741 0 1 0 152
742 255 308 394 191
743 8 15 11 15
744 0 1 3 308
745 85 63 21 8
746 11 13 11 116
747 75 85 88 392
748 713 369 1040 32
749 648 700 527 248
750 604 1020 128 0
751 10 12 15 105
752 0 0 1 60
753 441 445 811 6
754 6 9 8 456
755 208 186 32 297
756 2 0 1 5
757 0 0 0 0
758 320 270 177 39
759 193 236 28 96
760 8 14 0 8
761 0 0 0 44
762 14 18 16 727
6 105 59 55 4
763 309 436 55 301
764 0 0 0 40
765 16 17 109 300
766 24 15 10 30
767 14 12 27 103
768 2 1 2 47
769 308 276 1070 17
770 570 1095 2273 42
8 206 288 48 182
771 34 45 37 604
772 244 230 667 6
773 3 6 4 5
774 542 319 764 4
775 118 217 130 21
776 16 13 12 12
777 58 52 12 363
778 287 324 1695 17
779 16 32 7 128
780 0 0 0 8
781 92 168 20 52
782 426 640 1568 2
783 406 281 98 3
784 15 12 2 16
785 171 268 299 413
786 5 4 4 20
787 51 73 95 455
788 90 92 193 85
789 87 114 387 334
790 304 512 2108 198
791 606 1174 99 17
792 11 9 1 4
793 240 463 58 118
794 32 45 16 4
795 504 277 615 4
796 12 7 32 92
797 0 0 0 1
798 48 29 91 0
799 70 88 587 0
800 56 75 60 4
801 8 11 24 1
6 193 307 72 1
802 0 1 0 72
803 30 36 104 125
804 308 153 53 0
805 2 2 14 44
806 615 655 1840 8
807 57 40 8 8
808 0 1 0 8
809 422 322 67 15
810 7 9 24 80
811 161 236 702 76
812 4 2 28 28
813 0 1 0 6
814 627 326 98 139
815 18 22 103 490
816 88 44 125 14
817 0 0 0 553
818 0 0 2 24
819 566 351 1508 11
820 142 96 91 85
821 30 22 44 80
822 133 120 145 0
823 41 37 115 432
824 278 274 77 28
825 16 14 76 16
826 79 58 175 41
827 59 83 433 3
828 2 4 16 122
829 2 4 4 319
830 1 2 0 8
831 48 60 7 41
832 1 0 0 197
833 31 37 140 0
834 7 10 16 1
835 304 374 311 3
836 1 2 2 117
837 594 793 2890 113
838 0 0 0 177
839 71 64 159 24
840 0 0 0 634
841 3 4 22 0
842 0 1 6 112
843 192 172 749 70
844 52 32 96 0
845 343 491 380 240
846 0 1 10 1
847 1 0 4 12
848 48 67 252 2
849 0 0 0 68
850 44 67 24 1
851 137 86 151 0
852 291 476 144 4
853 0 0 4 20
854 28 15 68 56
855 66 104 568 0
856 134 198 332 24
857 10 10 15 77
858 0 1 0 658
859 40 68 40 0
860 0 0 0 142
861 2 3 0 586
9 12 18 11 9
0 156 273 76 171
862 4 6 20 24
863 0 0 0 20
864 115 226 104 40
865 38 44 77 84
866 3 5 19 0
867 78 57 27 3
868 39 76 192 23
869 67 69 516 24
870 240 316 473 545
871 7 5 54 42
872 312 586 1146 1
873 9 5 6 22
874 158 111 63 146
875 54 35 207 0
876 1 2 4 733
877 0 0 0 28
878 0 0 0 2
879 92 54 12 44
880 15 8 4 43
882 31 36 21 541
883 1 0 8 0
974 0 0 0 1
968 2 0 0 5
