nbLocalisations 1
nbRessources 3
nbMachines 100
nbProcessus 1000
nbServices 1000
*******Machines*******
0 2566 1776 2447 2121 1391 2101
0 1314 1859 4096 1047 1620 3698
0 3363 3451 4049 2567 3439 3598
0 1671 1855 3095 1518 1777 2862
0 2151 2753 1671 1906 2293 1616
0 590 708 798 538 507 592
0 981 721 4940 895 604 4747
0 2027 1712 5759 1381 1467 4891
0 1254 1616 1038 1179 1576 841
0 107 125 295 92 105 263
0 556 424 899 483 358 843
0 226 318 798 176 287 696
0 578 733 1045 497 563 927
0 3836 3641 5759 3404 3596 4534
0 1605 1102 6849 1567 1016 5403
0 1954 2107 2976 0 1 1
0 503 291 157 421 251 138
0 1192 1627 2225 1184 1513 1813
0 1094 1335 3279 902 1102 2787
0 1499 1906 6538 1303 1683 5091
0 1174 1649 4624 1043 1687 4255
0 463 359 1881 402 290 1564
0 537 530 684 450 423 703
0 542 670 327 467 716 324
0 1808 1367 1592 1829 1127 1269
0 853 1177 534 781 1093 444
0 4305 5311 7563 3808 4856 5898
0 1170 2090 418 971 1989 311
0 1794 1882 1119 1516 1802 1011
0 1075 1134 1444 947 1000 1378
0 1178 1500 1628 1046 1517 1430
0 933 1231 432 762 1167 356
0 1243 1142 1952 1040 997 1887
0 1119 772 537 1073 695 469
0 1060 1006 2563 975 964 1852
0 1224 1908 1072 1145 1876 795
0 294 216 1057 235 170 1034
0 2666 3624 3715 2245 3108 3715
0 1125 1335 4375 958 1373 3553
0 4417 4056 5554 4682 3064 5127
0 2133 2634 4027 1845 2527 3010
0 1721 2111 4054 1664 2100 3466
0 1842 1790 7374 1712 1813 7888
0 316 383 364 311 353 336
0 1498 1799 2702 1422 1506 2412
0 1389 1440 1901 1336 1287 1725
0 197 212 370 149 189 317
0 2384 1977 2533 2139 1870 1997
0 1149 1577 806 889 1175 672
0 2409 2270 6792 2489 1759 5658
0 1195 1184 2256 980 1083 1928
0 1256 1766 2017 1300 1469 1538
0 2443 2071 6177 2409 1934 5758
0 3003 2022 2771 2456 1860 2826
0 928 849 530 870 631 427
0 1519 1948 6661 1385 1615 5614
0 2061 3554 4405 2226 2898 3602
0 420 419 2826 392 334 2330
0 519 723 1984 457 527 1520
0 501 724 321 458 568 289
0 2172 1818 4337 2056 1685 3435
0 1012 1239 1752 962 1098 1476
0 1540 2330 4440 1190 1793 3614
0 1341 1243 996 1146 994 736
0 2163 2541 6168 1539 2138 5195
0 1699 1384 1049 1672 1139 916
0 305 327 1246 242 311 1044
0 2701 2991 2414 2514 2922 2009
0 587 674 1012 468 576 865
0 1668 1713 5284 1670 1503 5249
0 669 617 3409 538 507 2733
0 2419 3814 7458 2368 3831 7246
0 1575 1369 2664 0 1 1
0 1360 1669 3405 1129 1592 3035
0 425 592 238 404 509 248
0 681 942 936 619 955 846
0 1923 1298 1320 1697 1085 988
0 1615 1650 1481 1510 1546 1358
0 623 428 2534 525 355 2352
0 1002 1144 303 882 894 263
0 1025 1446 1890 817 1301 1669
0 1675 1672 2434 1192 1606 1780
0 192 176 411 1 1 0
0 918 973 1972 671 958 1389
0 2355 3206 10439 2115 2719 8396
0 2209 2246 4067 1726 2242 2821
0 969 1398 297 764 1003 280
0 3378 3540 10612 2868 3105 8991
0 1044 1310 1515 917 1385 1183
0 2482 2045 5283 1947 2083 3559
0 2673 3211 3463 2505 2781 3408
0 374 486 722 335 419 708
0 684 812 1260 659 683 1131
0 259 230 162 0 0 0
0 2186 2111 4936 1834 2201 4171
0 741 950 419 605 784 367
0 1064 1324 4707 844 1066 4292
0 1127 1278 2706 1260 1117 2157
0 1916 1828 3667 1559 1513 3521
0 1140 904 2265 1075 785 1713
*******Services*******
0
0
0
0
0
0
0
0
0
0
0
0
0
0
0
0
0
0
0
0
0
0
0
0
0
0
0
0
0
0
0
0
0
0
0
0
0
0
0
0
0
0
0
0
0
0
0
0
0
0
0
0
0
0
0
0
0
0
0
0
0
0
0
0
0
0
0
0
0
0
0
0
0
0
0
0
0
0
0
0
0
0
0
0
0
0
0
0
0
0
0
0
0
0
0
0
0
0
0
0
0
0
0
0
0
0
0
0
0
0
0
0
0
0
0
0
0
0
0
0
0
0
0
0
0
0
0
0
0
0
0
0
0
0
0
0
0
0
0
0
0
0
0
0
0
0
0
0
0
0
0
0
0
0
0
0
0
0
0
0
0
0
0
0
0
0
0
0
0
0
0
0
0
0
0
0
0
0
0
0
0
0
0
0
0
0
0
0
0
0
0
0
0
0
0
0
0
0
0
0
0
0
0
0
0
0
0
0
0
0
0
0
0
0
0
0
0
0
0
0
0
0
0
0
0
0
0
0
0
0
0
0
0
0
0
0
0
0
0
0
0
0
0
0
0
0
0
0
0
0
0
0
0
0
0
0
0
0
0
0
0
0
0
0
0
0
0
0
0
0
0
0
0
0
0
0
0
0
0
0
0
0
0
0
0
0
0
0
0
0
0
0
0
0
0
0
0
0
0
0
0
0
0
0
0
0
0
0
0
0
0
0
0
0
0
0
0
0
0
0
0
0
0
0
0
0
0
0
0
0
0
0
0
0
0
0
0
0
0
0
0
0
0
0
0
0
0
0
0
0
0
0
0
0
0
0
0
0
0
0
0
0
0
0
0
0
0
0
0
0
0
0
0
0
0
0
0
0
0
0
0
0
0
0
0
0
0
0
0
0
0
0
0
0
0
0
0
0
0
0
0
0
0
0
0
0
0
0
0
0
0
0
0
0
0
0
0
0
0
0
0
0
0
0
0
0
0
0
0
0
0
0
0
0
0
0
0
0
0
0
0
0
0
0
0
0
0
0
0
0
0
0
0
0
0
0
0
0
0
0
0
0
0
0
0
0
0
0
0
0
0
0
0
0
0
0
0
0
0
0
0
0
0
0
0
0
0
0
0
0
0
0
0
0
0
0
0
0
0
0
0
0
0
0
0
0
0
0
0
0
0
0
0
0
0
0
0
0
0
0
0
0
0
0
0
0
0
0
0
0
0
0
0
0
0
0
0
0
0
0
0
0
0
0
0
0
0
0
0
0
0
0
0
0
0
0
0
0
0
0
0
0
0
0
0
0
0
0
0
0
0
0
0
0
0
0
0
0
0
0
0
0
0
0
0
0
0
0
0
0
0
0
0
0
0
0
0
0
0
0
0
0
0
0
0
0
0
0
0
0
0
0
0
0
0
0
0
0
0
0
0
0
0
0
0
0
0
0
0
0
0
0
0
0
0
0
0
0
0
0
0
0
0
0
0
0
0
0
0
0
0
0
0
0
0
0
0
0
0
0
0
0
0
0
0
0
0
0
0
0
0
0
0
0
0
0
0
0
0
0
0
0
0
0
0
0
0
0
0
0
0
0
0
0
0
0
0
0
0
0
0
0
0
0
0
0
0
0
0
0
0
0
0
0
0
0
0
0
0
0
0
0
0
0
0
0
0
0
0
0
0
0
0
0
0
0
0
0
0
0
0
0
0
0
0
0
0
0
0
0
0
0
0
0
0
0
0
0
0
0
0
0
0
0
0
0
0
0
0
0
0
0
0
0
0
0
0
0
0
0
0
0
0
0
0
0
0
0
0
0
0
0
0
0
0
0
0
0
0
0
0
0
0
0
0
0
0
0
0
0
0
0
0
0
0
0
0
0
0
0
0
0
0
0
0
0
0
0
0
0
0
0
0
0
0
0
0
0
0
0
0
0
0
0
0
0
0
0
0
0
0
0
0
0
0
0
0
0
0
0
0
0
0
0
0
0
0
0
0
0
0
0
0
0
0
0
0
0
0
0
0
0
0
0
0
0
0
0
0
0
0
0
0
0
0
0
0
0
0
0
0
0
0
0
0
0
0
0
0
0
0
0
0
0
0
0
0
0
0
0
0
0
0
0
0
0
0
0
0
0
0
0
0
0
0
0
0
0
0
0
0
0
0
0
0
0
0
0
0
0
0
0
0
0
0
0
0
0
0
0
0
0
0
0
0
0
0
0
0
0
0
0
0
0
0
0
0
0
0
0
0
0
0
0
0
0
0
0
0
0
0
0
0
0
0
0
0
0
0
0
*******Processus*******
0 132 143 59
1 202 285 615
2 11 6 4
3 707 429 902
4 130 132 59
5 905 1630 5751
6 4 5 9
7 2 4 5
8 57 96 295
9 14 10 45
10 68 40 345
11 28 38 47
12 3 1 5
13 1 1 3
14 5 4 7
15 0 1 2
16 90 60 15
17 4 5 17
18 18 9 52
19 40 40 6
20 0 0 1
21 354 265 981
22 0 3 2
23 68 75 30
24 77 53 174
25 91 68 20
26 254 426 1521
27 0 0 7
28 9 8 4
29 21 14 4
30 44 36 25
31 9 8 19
32 789 443 455
33 236 360 327
34 16 26 94
35 4 2 39
36 3 2 5
37 0 0 6
38 13 20 35
39 2 1 1
40 38 52 55
41 32 19 42
42 23 26 8
43 72 43 15
44 58 66 395
45 19 15 28
46 653 622 1681
47 618 387 882
48 1 1 0
49 8 16 7
50 0 0 0
51 1 2 1
52 129 187 36
53 254 351 92
54 130 86 411
55 2 2 0
56 11 17 30
57 749 1141 1300
58 24 21 7
59 7 3 5
60 93 138 63
61 802 511 204
62 0 1 1
63 110 46 192
64 1 0 2
65 35 31 90
66 128 196 29
67 76 151 238
68 16 9 3
69 40 65 34
70 3 1 0
71 10 15 2
72 1 2 1
73 30 33 18
74 24 27 10
75 4 6 25
76 69 64 131
77 0 1 10
78 54 52 121
79 26 32 90
80 22 43 8
81 188 205 23
82 1 1 0
83 10 24 1
84 3 4 1
85 201 132 107
86 0 0 0
87 72 38 200
88 0 1 7
89 5 4 5
90 1 0 3
91 210 149 904
92 1 1 0
93 13 21 2
94 1 0 1
95 1 0 2
96 2 2 2
97 17 13 2
98 512 677 837
99 2 4 3
100 45 53 273
101 5 7 0
102 11 10 3
103 0 2 1
104 2 3 7
105 51 47 109
106 623 473 1939
107 1 0 6
108 277 508 223
109 0 0 8
110 9 13 5
111 4 5 0
112 58 43 161
113 863 624 124
114 28 50 24
115 34 16 25
116 28 25 9
117 367 335 175
118 4 3 1
119 170 80 97
120 1 1 1
121 13 12 5
122 1 3 16
123 44 34 21
124 12 9 13
125 58 46 71
126 30 34 18
127 1 0 0
128 6 6 27
129 16 7 42
130 444 491 2408
131 7 16 56
132 84 115 341
133 3 2 2
134 109 65 650
135 22 20 64
136 162 88 98
137 786 1615 1333
138 43 75 318
139 22 29 20
140 3 3 0
141 21 18 51
142 118 149 67
143 1 1 1
144 5 4 1
145 14 14 36
146 92 98 18
147 53 73 33
148 13 22 58
149 126 78 52
150 642 622 1770
151 0 1 8
152 503 783 656
153 10 8 1
154 145 192 1033
155 30 61 95
156 11 19 9
157 15 19 113
158 11 7 75
159 9 17 1
160 6 5 30
161 2 3 23
162 3 3 3
163 31 34 8
164 54 50 36
165 8 11 67
166 31 26 63
167 214 274 274
168 4 5 25
169 48 82 18
170 8 7 54
171 174 104 72
172 23 13 191
173 3 6 0
174 11 13 15
175 18 15 3
176 2 3 1
177 10 5 29
178 1 0 1
179 2 2 12
180 222 485 315
181 5 5 14
182 10 8 28
183 76 68 326
184 284 189 304
185 40 42 23
186 3 6 1
187 417 735 95
188 364 197 541
189 12 11 86
190 38 70 107
191 258 169 1037
192 15 9 43
193 302 169 48
194 0 1 5
195 35 68 37
196 2 2 1
197 1 0 1
198 7 11 4
199 36 31 92
200 0 0 4
201 330 600 533
202 77 113 87
203 4 7 6
204 116 67 230
205 392 359 274
206 1 1 1
207 17 10 5
208 568 424 1186
209 40 71 189
210 669 388 265
211 3 5 15
212 23 20 3
213 1 0 3
214 3 2 41
215 0 1 2
216 19 13 1
217 122 159 37
218 4 8 16
219 1 0 3
220 165 202 26
221 99 104 929
222 268 373 231
223 1 1 0
224 56 39 13
225 117 78 96
226 22 32 130
227 520 674 673
228 125 76 32
229 0 1 1
230 9 11 2
231 415 550 294
232 1 2 1
233 282 155 77
234 133 142 47
235 196 228 116
236 559 337 1020
237 57 38 7
238 13 7 12
239 204 97 66
240 0 1 11
241 3 1 18
242 8 5 42
243 27 40 110
244 195 173 58
245 128 131 22
246 123 180 517
247 51 45 139
248 1 1 19
249 321 257 256
250 48 50 32
251 37 57 6
252 463 271 83
253 691 351 116
254 11 7 79
255 101 106 285
256 6 9 0
257 0 1 0
258 3 3 0
259 3 1 20
260 1 0 1
261 536 442 372
262 10 8 43
263 1 1 1
264 338 401 1090
265 11 15 12
266 77 82 36
267 3 3 24
268 8 15 1
269 133 169 24
270 1 2 1
271 0 1 5
272 0 3 1
273 6 13 17
274 77 51 23
275 0 0 1
276 283 269 46
277 69 37 22
278 19 13 20
279 42 26 46
280 687 687 108
281 3 5 17
282 1 1 2
283 8 4 38
284 509 901 1134
285 486 894 565
286 100 61 419
287 14 11 14
288 160 203 101
289 173 317 56
290 306 558 160
291 8 8 2
292 1 0 6
293 12 14 2
294 164 101 194
295 6 3 44
296 0 0 0
297 41 20 198
298 375 255 227
299 4 1 38
300 33 42 59
301 55 62 171
302 682 1117 982
303 253 196 92
304 55 77 13
305 3 5 2
306 22 23 11
307 310 405 408
308 6 4 1
309 1 2 4
310 0 1 4
311 248 178 1641
312 2 1 3
313 3 3 28
314 0 3 1
315 45 24 44
316 113 142 134
317 79 47 84
318 3 5 1
319 17 11 4
320 92 107 212
321 0 1 7
322 37 34 107
323 557 763 575
324 1 0 1
325 6 4 21
326 156 89 33
327 1 3 1
328 186 128 998
329 27 40 110
330 17 9 49
331 17 21 5
332 5 7 26
333 5 5 9
334 0 0 8
335 256 133 354
336 389 471 863
337 1 1 7
338 28 22 8
339 15 23 7
340 0 2 0
341 79 116 129
342 1 0 7
343 1 1 0
344 1 2 1
345 160 273 22
346 10 6 19
347 4 5 24
348 302 477 802
349 88 119 34
350 28 14 15
351 17 11 21
352 13 15 2
353 12 11 14
354 24 25 11
355 1 2 0
356 22 40 45
357 294 187 1417
358 32 45 12
359 279 204 268
360 79 152 347
361 6 8 11
362 532 321 182
363 12 7 34
364 1 0 0
365 80 97 11
366 165 233 169
367 173 250 335
368 507 668 78
369 14 12 3
370 103 111 796
371 28 16 48
372 709 631 459
373 50 61 21
374 4 5 3
375 27 24 35
376 10 17 16
377 184 144 62
378 6 3 18
379 0 0 2
380 523 331 1296
381 1 1 1
382 2 3 8
383 97 177 27
384 32 16 294
385 7 8 1
386 161 120 484
387 28 26 36
388 15 20 18
389 1 1 1
390 285 221 203
391 316 485 203
392 1 3 0
393 11 8 68
394 0 1 0
395 155 76 19
396 4 4 7
397 95 132 365
398 48 41 19
399 285 532 1650
400 8 5 0
401 1 0 0
402 816 519 689
403 289 185 666
404 57 60 93
405 119 69 63
406 1 2 1
407 603 334 4418
408 38 40 45
409 9 17 39
410 33 56 9
411 98 62 149
412 501 365 701
413 6 6 12
414 3 3 0
415 465 220 127
416 27 23 111
417 1 2 7
418 0 2 1
419 55 30 144
420 4 6 3
421 16 9 18
422 46 54 7
423 1 2 9
424 3 2 5
425 50 62 40
426 9 13 30
427 38 25 284
428 30 24 36
429 121 106 131
430 1 1 8
431 37 30 9
432 302 268 99
433 0 0 2
434 2 1 1
435 642 339 4218
436 65 52 287
437 3 1 1
438 73 83 188
439 81 69 38
440 120 71 47
441 0 1 0
442 34 40 3
443 16 14 76
444 5 10 1
445 15 17 2
446 883 1581 378
447 25 17 183
448 106 134 71
449 16 11 93
450 33 46 10
451 352 463 476
452 546 331 503
453 1 1 0
454 32 17 34
455 862 475 1930
456 245 181 120
457 409 543 3254
458 33 42 39
459 310 357 1083
460 356 216 500
461 354 344 173
462 2 1 2
463 861 1543 215
464 12 20 102
465 75 35 12
466 2 1 1
467 9 6 10
468 21 13 2
469 5 3 20
470 81 92 70
471 642 305 931
472 59 48 206
473 18 23 16
474 1 1 3
475 7 6 44
476 1 1 11
477 40 22 203
478 609 950 200
479 19 33 3
480 1 1 3
481 15 9 3
482 207 137 164
483 1 1 5
484 0 0 0
485 85 54 82
486 64 29 63
487 591 872 239
488 0 0 5
489 130 193 273
490 2 1 0
491 13 21 5
492 790 565 1012
493 639 1308 677
494 501 309 98
495 2 0 10
496 337 167 1455
497 4 4 0
498 85 56 320
499 1 0 1
500 4 8 2
501 149 126 34
502 2 0 7
503 35 35 128
504 3 0 26
505 41 32 79
506 18 20 7
507 1 1 0
508 23 13 4
509 40 53 42
510 0 1 2
511 123 126 58
512 309 367 36
513 431 699 87
514 15 28 5
515 0 0 1
516 1 0 0
517 153 143 31
518 45 70 13
519 82 40 146
520 2 1 0
521 21 19 4
522 7 8 4
523 41 27 43
524 1 1 1
525 2 0 2
526 21 47 142
527 138 185 21
528 3 4 17
529 12 5 37
530 18 14 53
531 4 3 8
532 1 0 0
533 560 246 670
534 4 2 38
535 0 3 0
536 10 16 12
537 2 1 9
538 65 112 10
539 3 3 0
540 5 4 4
541 647 733 645
542 5 7 3
543 34 52 14
544 149 227 151
545 250 323 239
546 33 36 110
547 357 502 1387
548 1 0 1
549 877 1544 1116
550 1 2 1
551 16 29 27
552 6 3 1
553 101 140 170
554 196 329 347
555 539 951 4750
556 0 0 1
557 345 403 100
558 18 11 134
559 44 36 6
560 53 72 276
561 2 1 20
562 22 27 92
563 5 5 6
564 10 6 7
565 12 11 14
566 922 1547 108
567 659 908 498
568 483 227 103
569 6 3 35
570 1 1 3
571 186 121 530
572 9 4 2
573 104 109 112
574 4 1 22
575 9 14 10
576 89 51 21
577 139 287 180
578 7 13 4
579 18 12 34
580 3 6 12
581 231 366 1084
582 363 577 266
583 14 11 31
584 8 5 2
585 12 12 3
586 11 26 9
587 133 201 394
588 172 226 202
589 4 5 1
590 76 39 32
591 1 1 4
592 335 299 1008
593 53 80 11
594 27 17 153
595 407 252 123
596 49 63 148
597 13 7 1
598 6 2 2
599 10 6 15
600 3 4 0
601 15 32 100
602 197 113 73
603 135 114 114
604 323 159 1582
605 47 70 9
606 29 49 4
607 570 949 128
608 1 1 11
609 2 2 18
610 5 12 1
611 9 8 3
612 82 166 575
613 26 42 82
614 14 27 18
615 541 289 1361
616 2 2 1
617 11 13 11
618 16 20 74
619 2 1 4
620 45 39 187
621 6 9 0
622 364 349 155
623 39 34 11
624 2 2 26
625 13 15 66
626 85 105 388
627 277 495 93
628 710 1188 3570
629 4 3 3
630 50 81 120
631 395 594 2655
632 17 13 93
633 279 361 606
634 17 11 22
635 11 9 26
636 31 19 83
637 155 147 77
638 577 474 213
639 675 1088 134
640 353 227 423
641 0 0 0
642 280 316 87
643 229 136 1547
644 416 351 71
645 1 0 0
646 10 10 3
647 1 1 3
648 32 16 11
649 16 14 14
650 805 1465 842
651 1 1 0
652 2 4 19
653 13 13 2
654 18 26 4
655 2 1 9
656 356 642 174
657 1 0 3
658 14 11 11
659 2 3 0
660 8 12 14
661 3 2 4
662 14 14 69
663 496 270 226
664 39 65 38
665 77 72 17
666 2 2 1
667 141 201 18
668 0 1 0
669 287 377 458
670 148 236 125
671 3 1 1
672 586 705 3096
673 587 389 1027
674 17 32 5
675 1 0 2
676 1 0 1
677 46 64 141
678 13 12 29
679 657 620 1042
680 33 60 7
681 115 74 71
682 11 8 3
683 34 37 5
684 1 1 1
685 0 0 4
686 53 56 424
687 221 192 506
688 453 499 701
689 359 584 2741
690 1 0 0
691 31 31 6
692 90 79 117
693 163 127 195
694 264 222 1325
695 59 47 191
696 4 2 1
697 0 0 0
698 91 98 80
699 665 628 138
700 49 65 18
701 23 14 54
702 2 2 1
703 1 3 2
704 3 3 3
705 7 5 38
706 72 102 171
707 0 1 1
708 12 7 3
709 1 2 1
710 28 25 14
711 1 1 0
712 34 24 184
713 29 31 102
714 380 327 107
715 3 0 1
716 27 22 3
717 72 51 106
718 5 10 1
719 23 14 4
720 27 52 78
721 651 462 288
722 121 62 56
723 484 330 214
724 95 140 19
725 46 95 46
726 42 57 110
727 31 61 52
728 1 2 3
729 3 1 5
730 120 232 20
731 1 1 1
732 186 402 81
733 187 129 331
734 4 1 0
735 309 309 296
736 5 7 17
737 1 0 11
738 174 122 68
739 253 162 1028
740 169 204 938
741 23 24 39
742 1 2 1
743 8 18 70
744 494 755 2055
745 0 1 4
746 2 3 0
747 1 0 2
748 687 647 2699
749 4 4 0
750 47 86 372
751 529 618 1543
752 111 115 79
753 5 3 35
754 2 3 2
755 14 10 12
756 3 6 0
757 129 122 267
758 23 39 3
759 3 1 0
760 8 14 4
761 65 81 154
762 0 1 6
763 158 149 244
764 923 796 171
765 99 52 58
766 301 484 181
767 31 16 46
768 1 1 6
769 65 33 174
770 1 1 5
771 49 89 23
772 17 15 93
773 2 4 10
774 0 0 0
775 2 1 0
776 83 126 348
777 21 25 150
778 7 3 30
779 27 32 194
780 1 0 8
781 0 1 0
782 6 6 1
783 24 14 167
784 98 93 13
785 531 728 1820
786 2 4 1
787 57 64 64
788 537 415 2271
789 560 973 890
790 2 4 0
791 2 2 0
792 102 168 159
793 48 70 48
794 0 1 1
795 816 654 1209
796 4 5 10
797 58 45 162
798 8 10 6
799 92 135 180
800 0 0 0
801 83 58 642
802 174 223 31
803 45 76 9
804 70 77 186
805 10 10 4
806 24 19 11
807 369 260 645
808 132 161 26
809 19 22 8
810 308 465 1706
811 242 353 1726
812 238 235 73
813 8 15 1
814 7 7 8
815 66 123 108
816 95 172 261
817 3 2 7
818 291 207 285
819 344 469 1679
820 6 5 8
821 17 9 2
822 36 51 13
823 282 288 222
824 334 322 198
825 2 4 1
826 3 6 27
827 187 212 447
828 515 541 581
829 1 0 0
830 86 88 27
831 6 4 1
832 93 144 132
833 7 7 14
834 401 420 99
835 10 5 20
836 36 31 28
837 220 129 169
838 4 4 1
839 541 395 594
840 11 17 1
841 67 43 504
842 1 0 2
843 22 37 185
844 6 4 24
845 3 3 28
846 41 77 166
847 1 2 12
848 3 1 0
849 5 3 6
850 28 17 6
851 39 36 245
852 12 9 3
853 0 2 0
854 1 0 1
855 7 5 0
856 42 80 55
857 232 531 1504
858 3 2 2
859 0 2 0
860 1 1 9
861 130 98 293
862 324 203 606
863 670 959 923
864 15 13 40
865 98 109 54
866 7 9 1
867 373 169 2320
868 6 4 38
869 104 198 784
870 576 472 2997
871 382 555 2530
872 157 145 354
873 0 0 0
874 2 4 14
875 96 177 204
876 5 7 15
877 0 2 1
878 5 7 0
879 1 4 0
880 42 34 56
881 200 295 957
882 9 13 9
883 792 1315 240
884 128 163 1032
885 83 49 194
886 1 1 9
887 24 16 23
888 648 882 902
889 37 19 5
890 0 1 1
891 2 3 1
892 4 5 20
893 247 188 1099
894 21 18 3
895 2 1 13
896 500 257 2287
897 495 773 1663
898 4 3 2
899 805 469 292
900 175 91 58
901 6 5 10
902 48 41 49
903 373 532 342
904 4 4 27
905 0 0 3
906 3 1 0
907 57 31 330
908 3 5 8
909 1 1 1
910 98 51 17
911 166 92 164
912 27 29 131
913 130 75 258
914 43 85 13
915 123 63 674
916 8 16 12
917 1 1 0
918 1 1 0
919 9 5 1
920 3 3 23
921 14 6 5
922 7 10 13
923 0 1 1
924 2 3 11
925 449 653 424
926 176 169 23
927 1 2 3
928 1 1 0
929 2 0 1
930 39 35 12
931 123 249 47
932 7 4 3
933 10 15 11
934 148 71 33
935 230 291 360
936 20 36 53
937 1 1 0
938 1 1 3
939 99 82 297
940 1 1 2
941 255 177 979
942 4 3 10
943 60 94 169
944 12 13 1
945 37 30 13
946 38 44 197
947 636 1010 140
948 41 59 283
949 22 23 96
950 38 17 47
951 6 4 39
952 6 7 1
953 46 25 321
954 0 0 8
955 373 215 164
956 2 2 1
957 1 3 1
958 16 35 23
959 1 1 7
960 10 7 13
961 54 47 283
962 746 1087 4539
963 1 0 7
964 333 267 1653
965 61 35 469
966 221 361 196
967 99 191 77
968 0 0 1
969 23 20 158
970 274 256 851
971 44 75 234
972 81 120 381
973 4 4 3
974 19 8 84
975 76 123 63
976 12 15 111
977 68 104 25
978 6 3 17
979 127 157 258
980 110 124 756
981 0 1 6
982 2 2 0
983 5 8 12
984 92 114 14
985 149 79 305
986 1 1 9
987 104 224 267
988 26 19 4
989 0 0 1
990 105 187 18
991 5 7 9
992 3 6 1
993 9 13 22
994 59 30 205
995 0 0 1
996 82 55 96
997 123 143 676
998 619 406 292
999 237 411 370
