nbLocalisations 4
nbRessources 4
nbMachines 12
nbProcessus 900
nbServices 891
*******Machines*******
1 12120 11736 27482 21451 10032 12412 23823 15558
0 13492 13640 30583 14044 10572 12011 29285 11861
2 12949 16635 29228 11041 8679 12448 24551 9360
3 16664 19953 18707 14149 12643 15511 15749 11498
0 9043 12158 22515 13518 7301 10258 15613 11685
3 7846 9990 11677 10939 6630 8470 11049 9161
3 9338 12320 22571 14265 9775 8171 20246 11354
2 12404 15697 28084 14942 10790 13789 22019 9447
1 11431 10790 16184 15981 8552 9729 16444 12868
2 7470 7848 19493 10774 6109 5050 15552 8669
0 9039 8880 16128 10944 8291 7193 11258 8443
1 10575 10319 19483 9430 9957 8573 14577 9340
*******Services*******
1
2
0
2
1
0
0
1
2
3
0
0
0
0
0
0
0
0
0
0
0
0
0
0
0
0
0
0
0
0
0
0
0
0
0
0
0
0
0
0
0
0
0
0
0
0
0
0
0
0
0
0
0
0
0
0
0
0
0
0
0
0
0
0
0
0
0
0
0
0
0
0
0
0
0
0
0
0
0
0
0
0
0
0
0
0
0
0
0
0
0
0
0
0
0
0
0
0
0
0
0
0
0
0
0
0
0
0
0
0
0
0
0
0
0
0
0
0
0
0
0
0
0
0
0
0
0
0
0
0
0
0
0
0
0
0
0
0
0
0
0
0
0
0
0
0
0
0
0
0
0
0
0
0
0
0
0
0
0
0
0
0
0
0
0
0
0
0
0
0
0
0
0
0
0
0
0
0
0
0
0
0
0
0
0
0
0
0
0
0
0
0
0
0
0
0
0
0
0
0
0
0
0
0
0
0
0
0
0
0
0
0
0
0
0
0
0
0
0
0
0
0
0
0
0
0
0
0
0
0
0
0
0
0
0
0
0
0
0
0
0
0
0
0
0
0
0
0
0
0
0
0
0
0
0
0
0
0
0
0
0
0
0
0
0
0
0
0
0
0
0
0
0
0
0
0
0
0
0
0
0
0
0
0
0
0
0
0
0
0
0
0
0
0
0
0
0
0
0
0
0
0
0
0
0
0
0
0
0
0
0
0
0
0
0
0
0
0
0
0
0
0
0
0
0
0
0
0
0
0
0
0
0
0
0
0
0
0
0
0
0
0
0
0
0
0
0
0
0
0
0
0
0
0
0
0
0
0
0
0
0
0
0
0
0
0
0
0
0
0
0
0
0
0
0
0
0
0
0
0
0
0
0
0
0
0
0
0
0
0
0
0
0
0
0
0
0
0
0
0
0
0
0
0
0
0
0
0
0
0
0
0
0
0
0
0
0
0
0
0
0
0
0
0
0
0
0
0
0
0
0
0
0
0
0
0
0
0
0
0
0
0
0
0
0
0
0
0
0
0
0
0
0
0
0
0
0
0
0
0
0
0
0
0
0
0
0
0
0
0
0
0
0
0
0
0
0
0
0
0
0
0
0
0
0
0
0
0
0
0
0
0
0
0
0
0
0
0
0
0
0
0
0
0
0
0
0
0
0
0
0
0
0
0
0
0
0
0
0
0
0
0
0
0
0
0
0
0
0
0
0
0
0
0
0
0
0
0
0
0
0
0
0
0
0
0
0
0
0
0
0
0
0
0
0
0
0
0
0
0
0
0
0
0
0
0
0
0
0
0
0
0
0
0
0
0
0
0
0
0
0
0
0
0
0
0
0
0
0
0
0
0
0
0
0
0
0
0
0
0
0
0
0
0
0
0
0
0
0
0
0
0
0
0
0
0
0
0
0
0
0
0
0
0
0
0
0
0
0
0
0
0
0
0
0
0
0
0
0
0
0
0
0
0
0
0
0
0
0
0
0
0
0
0
0
0
0
0
0
0
0
0
0
0
0
0
0
0
0
0
0
0
0
0
0
0
0
0
0
0
0
0
0
0
0
0
0
0
0
0
0
0
0
0
0
0
0
0
0
0
0
0
0
0
0
0
0
0
0
0
0
0
0
0
0
0
0
0
0
0
0
0
0
0
0
0
0
0
0
0
0
0
0
0
0
0
0
0
0
0
0
0
0
0
0
0
0
0
0
0
0
0
0
0
0
0
0
0
0
0
0
0
0
0
0
0
0
0
0
0
0
0
0
0
0
0
0
0
0
0
0
0
0
0
0
0
0
0
0
0
0
0
0
0
0
0
0
0
0
0
0
0
0
0
0
0
0
0
0
0
0
0
0
0
0
0
0
0
0
0
0
0
0
0
0
0
0
0
0
0
0
0
0
0
0
0
0
0
0
0
0
0
0
0
0
0
0
0
0
0
0
0
0
0
0
0
0
0
0
0
0
0
0
0
0
0
0
0
0
0
0
0
0
0
0
0
0
0
0
0
0
0
0
0
0
0
0
0
0
0
0
*******Processus*******
10 38 38 56 78
11 9 7 6 0
12 65 34 478 83
13 58 56 142 31
14 573 407 1344 90
15 1 0 11 33
16 20 12 20 15
17 0 2 2 30
18 125 97 141 1
19 11 6 35 1
20 0 1 1 20
21 1 0 4 384
22 34 75 168 229
23 11 7 26 5
24 2 2 0 25
25 36 23 18 515
0 1 3 1 21
26 256 485 152 512
27 306 305 475 1
6 41 28 242 5
28 532 312 89 3
29 101 114 731 1
30 5 6 10 1
31 85 93 65 18
32 13 14 34 84
33 16 10 7 33
34 1 3 14 544
35 213 211 697 13
36 3 3 1 29
37 41 30 185 244
38 23 27 168 110
39 6 9 39 0
40 2 1 11 114
41 1 0 4 475
42 71 41 36 5
43 38 23 25 2
44 26 18 139 0
45 9 8 1 409
46 701 652 6053 2
47 588 932 396 9
7 473 391 394 71
48 37 72 16 44
49 0 2 0 13
50 7 17 4 12
51 62 56 134 30
52 496 941 934 0
53 114 71 107 227
54 67 38 125 108
55 2 4 1 8
56 1 2 1 338
57 1 1 11 1
58 68 56 36 0
59 6 9 11 287
60 107 101 22 426
61 23 20 156 1030
62 177 281 367 344
63 6 3 7 48
64 17 20 3 416
65 0 1 8 3
66 11 19 11 2
67 8 14 35 87
68 39 65 9 15
69 446 605 73 23
70 206 152 244 45
5 326 438 47 2
71 2 3 2 2
72 4 7 3 893
73 72 92 263 25
74 25 43 5 910
75 410 409 1050 3
76 0 0 6 2
77 86 118 426 490
78 31 34 50 2
79 217 170 875 302
80 12 16 6 58
81 184 94 503 734
82 263 342 1952 25
83 9 9 3 23
5 336 297 2429 33
84 103 199 56 357
85 12 18 7 668
86 132 197 438 429
87 7 9 0 2
88 2 1 1 3
89 12 10 14 193
90 9 5 33 49
91 4 2 1 2
92 2 2 10 1
93 519 433 73 425
94 1 0 2 25
95 1 0 1 115
96 34 33 3 936
97 79 148 219 5
98 9 9 81 3
99 14 16 24 0
100 0 3 0 5
101 80 54 38 929
102 23 10 71 208
103 30 65 25 1
104 0 1 7 3
105 14 10 22 1
106 461 713 1081 111
107 16 9 21 2
108 108 84 54 1028
109 123 163 40 3
110 436 230 2333 534
111 329 371 108 390
112 279 387 46 654
113 339 225 192 17
114 0 1 2 428
115 515 887 4513 25
116 19 34 27 2
8 152 111 126 48
117 4 6 6 1
118 9 18 2 11
119 205 136 1018 41
120 2 2 23 8
121 129 239 89 6
122 219 130 363 89
123 112 121 19 4
124 196 325 43 624
125 56 88 92 114
126 51 35 206 82
127 42 31 107 793
128 3 1 1 6
129 7 9 4 677
130 2 4 0 91
131 0 1 1 879
132 7 6 25 886
133 812 876 130 0
134 15 9 2 687
135 383 795 102 19
136 5 2 15 25
137 5 3 1 29
138 13 31 2 2
139 412 227 69 1
140 203 366 56 1
141 11 6 45 104
142 15 13 87 225
143 82 69 244 209
144 14 25 8 884
9 59 63 45 16
145 14 29 65 509
146 27 24 162 132
147 8 10 6 3
148 7 4 4 10
149 94 134 116 561
150 15 14 43 354
151 113 124 23 87
152 0 1 1 57
153 72 46 12 37
154 24 31 73 131
155 1 1 0 19
156 11 12 4 124
157 4 3 1 800
158 386 484 827 2
159 63 40 18 677
160 220 174 45 412
161 27 15 9 335
162 39 70 51 43
163 8 7 10 0
164 2 4 19 813
165 1 1 1 398
166 94 123 42 1
167 131 187 113 49
168 35 17 12 18
169 2 3 9 0
170 273 207 186 49
171 3 4 5 20
172 49 47 176 434
173 1 0 7 111
174 32 57 21 627
175 113 96 63 3
176 497 638 1345 823
177 580 999 312 347
178 3 6 10 26
179 3 3 2 0
180 15 13 16 24
181 292 342 1355 2
182 0 1 3 128
183 1 1 0 41
184 5 3 6 510
185 0 1 1 19
186 141 71 166 1035
187 77 125 197 0
188 470 518 280 46
189 276 242 1042 0
190 30 17 38 1
191 107 152 172 14
192 669 1312 2924 8
193 2 2 1 328
194 1 2 12 959
195 7 5 7 7
196 366 258 769 883
197 10 5 0 13
198 17 22 59 35
199 186 182 32 5
200 405 598 286 105
201 4 8 3 3
202 215 187 1086 467
203 86 83 650 19
204 55 57 76 9
205 62 102 126 9
206 1 1 0 14
207 32 39 43 1
208 7 11 12 4
209 13 27 94 233
210 238 286 531 311
211 65 44 303 4
212 144 252 60 0
213 21 38 15 49
214 119 117 67 929
215 2 0 3 529
216 465 314 289 3
217 4 4 5 12
218 12 13 84 28
3 186 160 25 130
219 66 82 9 2
220 496 432 1332 25
221 3 1 7 1
222 838 751 542 2
223 6 15 20 51
224 336 303 822 24
225 456 205 277 176
226 2 1 7 905
227 0 1 0 1
228 429 385 380 38
229 6 6 61 125
230 29 17 15 0
231 1 2 1 0
232 0 1 0 3
233 113 174 968 401
3 159 245 61 16
234 3 2 24 158
235 24 20 9 360
236 5 9 3 402
237 98 107 111 573
238 6 8 0 7
239 21 15 11 9
240 0 0 6 29
241 1 2 8 3
242 0 0 6 2
243 607 905 85 7
244 2 2 1 7
245 466 372 1253 0
246 111 50 183 562
247 3 2 10 1
248 5 7 27 13
249 13 17 1 69
250 46 58 248 6
251 24 13 6 242
252 9 7 18 4
253 16 29 3 119
254 7 13 25 25
255 842 658 276 18
256 3 3 17 164
257 21 16 82 453
258 21 20 6 31
259 22 38 9 798
260 28 26 90 47
261 10 8 6 1
262 1 1 1 10
263 318 251 100 220
264 29 31 110 36
265 78 106 38 38
266 0 1 1 27
267 711 573 1500 7
268 9 8 20 97
269 703 827 1956 0
270 59 43 329 6
271 20 25 27 350
272 23 22 35 5
273 0 0 0 16
274 0 1 0 37
275 14 10 3 145
276 6 5 0 1
277 67 101 95 163
8 173 259 33 1
278 124 182 40 21
279 43 32 33 357
280 14 17 38 270
281 1 3 1 256
282 4 8 4 3
283 6 4 0 3
284 2 4 7 105
285 4 1 1 699
286 148 81 784 43
287 104 108 666 114
288 581 493 148 851
289 3 4 18 981
290 29 51 9 19
291 29 24 80 579
292 22 39 178 789
293 771 375 673 1
294 12 9 9 2
295 5 12 38 218
296 31 24 8 65
297 0 0 6 901
298 115 174 286 263
299 190 250 31 0
300 3 2 27 36
301 114 73 119 1
302 57 85 421 1
303 212 437 295 54
304 10 8 49 243
305 3 1 0 183
306 118 123 288 26
307 1 2 8 25
308 23 11 31 27
309 14 22 20 20
310 13 16 11 12
311 15 18 78 4
312 50 24 12 263
313 2 1 23 3
314 422 498 64 233
315 1 2 15 7
316 128 236 19 19
317 0 1 1 18
318 40 55 82 13
319 1 0 0 91
320 132 141 82 276
321 1 1 2 231
322 2 0 4 252
323 31 31 6 16
324 3 1 19 5
325 106 53 52 13
326 49 32 429 0
327 2 2 4 713
328 417 558 365 3
329 1 3 0 419
330 99 71 528 4
331 35 48 198 21
332 22 19 3 104
333 565 529 2129 38
334 11 12 8 796
335 5 10 1 14
336 16 25 2 76
337 620 589 1207 376
338 2 2 11 1
339 38 45 29 453
340 170 323 67 8
341 132 159 102 78
342 0 0 7 0
343 121 64 186 114
344 50 77 80 236
345 669 447 2149 5
346 10 5 2 59
347 36 62 27 20
348 5 4 19 6
7 401 233 210 894
349 152 300 671 869
350 31 39 30 278
351 122 165 54 626
352 42 35 59 28
353 0 1 1 105
354 1 0 8 25
355 215 139 66 292
356 134 243 109 814
357 1 2 2 12
358 9 9 41 78
359 457 587 272 17
360 291 264 158 495
361 149 202 37 42
362 1 3 1 19
363 16 15 17 1
364 18 10 2 49
365 0 1 0 1
366 27 30 66 289
367 4 4 6 309
368 1 0 0 674
369 8 14 2 83
370 1 1 0 70
371 2 2 0 4
372 777 1281 271 12
373 1 1 0 3
374 27 16 27 682
375 132 92 44 4
376 702 432 373 6
377 5 5 2 195
378 114 93 394 275
379 61 38 484 649
3 132 127 235 55
380 211 149 152 513
381 10 12 63 2
382 7 3 12 3
383 4 10 27 33
384 26 15 7 5
385 5 11 34 719
386 20 23 15 43
387 11 12 12 7
388 38 27 144 1
389 3 7 0 130
390 151 167 396 12
391 26 21 6 6
392 11 6 3 281
393 77 144 32 56
394 20 37 14 141
395 2 3 15 1
396 150 91 29 1
397 2 2 11 494
398 1 0 12 0
399 43 37 8 438
400 13 20 5 59
401 49 44 54 18
402 77 111 43 10
403 159 237 33 296
404 0 0 1 84
405 804 1067 431 1
406 297 344 151 637
407 1 1 0 38
408 201 138 154 10
409 21 43 14 66
410 6 3 54 3
411 446 667 215 435
412 30 39 11 1
413 26 17 12 9
414 3 3 10 16
415 455 824 167 488
416 240 334 335 1
417 15 25 1 36
418 1 0 4 45
419 66 97 46 5
420 51 74 202 42
421 1 1 0 471
422 4 8 3 1
423 9 13 7 5
424 0 3 14 164
425 371 294 1113 157
426 28 17 16 3
427 4 3 3 198
428 14 14 39 25
429 469 617 305 1
430 1 2 1 66
431 1 1 5 1
432 10 10 12 0
433 8 4 1 4
434 15 12 53 22
435 1 1 1 934
436 748 824 376 3
437 39 44 21 2
438 122 66 37 49
439 1 1 5 2
440 1 0 2 246
441 2 2 1 1
442 1 1 1 2
443 43 33 63 2
444 187 160 141 722
445 82 76 77 331
446 3 5 20 26
447 53 52 52 9
448 0 3 11 20
449 1 1 0 802
450 297 169 51 114
451 84 94 35 34
452 73 51 20 29
453 68 104 23 1
454 298 416 972 2
455 2 1 0 2
456 81 47 74 15
457 442 691 91 19
458 329 490 260 1
459 37 18 19 4
460 677 661 478 158
461 26 29 16 128
462 298 183 77 26
463 2 1 0 260
464 552 761 660 72
5 272 311 105 22
465 3 5 8 78
466 181 170 1423 1
467 18 18 3 157
468 8 6 40 1
469 57 115 70 60
470 186 126 32 191
471 198 249 299 43
472 9 8 9 490
473 29 30 43 1
474 19 39 70 119
475 4 5 9 248
476 1 0 4 0
477 1 1 3 1
478 5 1 35 8
479 2 1 1 511
480 25 20 167 2
481 9 6 5 0
482 0 0 0 3
483 5 3 25 0
1 319 542 173 640
484 5 2 6 1
485 223 282 704 216
486 0 1 1 2
487 6 3 10 109
488 334 169 1609 138
489 5 4 7 34
490 24 32 6 3
491 18 29 27 309
492 183 194 61 86
493 2 0 2 15
494 49 91 79 12
495 86 67 461 34
496 287 508 2274 1
497 181 340 178 97
498 660 703 2013 189
499 490 284 141 29
500 35 40 24 22
501 284 448 73 0
502 24 14 14 13
503 424 506 176 1
504 80 39 12 3
505 61 107 30 198
506 5 7 27 2
507 26 30 25 603
508 191 175 599 1
509 195 236 457 139
510 11 14 2 9
511 82 62 21 530
512 644 520 108 4
513 2 7 8 31
514 7 8 8 15
515 114 210 733 493
516 0 1 1 14
517 123 217 137 2
518 0 1 0 1016
519 568 1247 4944 28
520 541 594 873 0
521 14 17 22 53
522 667 709 461 15
523 320 240 125 9
524 5 8 0 22
525 360 173 105 940
526 1 0 4 129
527 18 16 12 4
528 106 198 103 2
529 28 24 14 23
530 1 0 0 4
531 517 939 654 7
532 22 29 17 338
533 7 4 7 2
534 1 2 1 660
535 71 106 77 92
536 16 10 126 267
537 6 8 0 12
538 186 317 54 629
539 371 611 456 33
540 240 135 2059 251
541 13 8 10 733
542 34 39 139 116
543 20 25 50 2
544 356 229 131 9
545 1 1 0 1
546 856 1297 157 157
547 230 221 940 0
548 3 2 8 71
549 383 323 2154 7
550 39 26 135 11
551 4 8 14 40
552 2 0 8 112
553 34 54 91 0
554 231 125 95 3
555 23 28 6 428
556 25 38 191 1
557 295 590 67 707
558 6 11 6 14
559 517 791 1443 262
560 67 77 24 569
561 5 7 21 34
562 1 1 8 0
563 75 64 35 108
564 55 68 371 0
565 46 34 39 4
566 286 323 139 1
567 2 1 3 2
568 51 93 9 80
569 2 0 1 3
570 11 9 73 11
571 444 246 244 313
572 55 97 252 330
6 89 83 26 1
573 22 15 152 61
574 9 5 54 1
575 34 52 186 88
576 0 0 4 9
577 11 13 14 0
578 610 343 716 190
579 6 10 1 517
580 202 163 65 24
581 12 7 4 1
582 0 0 3 1
583 3 2 3 203
584 190 185 47 65
585 6 2 1 27
586 24 14 34 4
587 200 108 265 15
588 1 1 6 6
589 5 7 33 21
8 144 260 91 0
590 179 268 572 68
591 851 1190 562 1
592 102 60 256 27
593 107 79 50 294
594 125 131 575 133
595 7 10 6 210
596 59 67 185 711
597 512 857 541 12
598 341 672 2184 505
599 3 3 1 273
600 1 2 2 53
601 3 2 5 82
602 23 13 62 0
8 140 173 427 60
603 494 301 712 496
604 281 446 792 3
605 637 443 309 23
606 64 90 121 60
607 2 0 0 11
608 36 60 65 327
609 176 299 29 1
610 494 403 424 0
611 6 5 7 21
612 11 12 26 15
613 196 194 55 1
614 66 43 12 44
615 11 18 4 393
616 46 29 130 135
617 4 2 1 6
618 68 93 80 29
619 129 73 53 25
620 598 313 1262 174
621 6 11 0 13
622 35 65 13 36
623 186 235 84 0
624 1 1 3 53
625 228 262 720 5
626 99 52 12 17
627 23 11 25 73
628 2 1 4 34
629 68 135 79 329
630 3 4 0 1
631 23 10 9 41
632 76 131 204 8
633 488 633 97 111
634 37 61 76 0
635 0 1 4 206
636 724 1311 2149 38
637 62 115 24 4
638 383 209 2903 5
639 9 14 20 267
640 55 84 10 45
641 7 14 2 61
642 38 30 84 163
643 606 1068 220 1
644 14 15 5 881
645 2 3 4 11
646 488 651 2294 3
647 21 19 15 20
648 0 0 3 2
649 43 26 74 2
650 523 904 450 1
651 645 1003 316 42
652 1 1 3 58
653 140 114 34 28
654 8 11 6 450
655 27 34 14 216
656 20 29 118 3
657 13 16 101 0
658 777 1029 466 2
659 10 20 13 1
660 3 1 6 31
661 10 8 9 7
4 7 4 47 5
662 37 51 6 126
663 24 19 203 7
664 359 498 1421 5
665 32 17 32 3
666 1 1 1 15
667 40 86 14 337
668 599 489 184 0
669 3 4 8 1
670 84 154 141 48
671 0 1 2 378
672 48 84 15 59
673 3 7 3 463
674 24 39 25 425
675 1 0 4 2
676 16 9 34 1
677 51 35 8 16
678 28 39 192 229
679 21 17 178 4
680 52 64 46 93
681 98 58 137 893
682 0 0 4 3
683 4 3 6 60
684 7 5 48 763
685 76 43 128 10
686 128 101 974 3
687 160 247 32 833
688 302 497 377 158
689 231 292 187 1
690 4 6 0 1
691 267 310 86 531
692 0 2 0 104
693 1 1 1 71
694 49 62 392 9
695 130 145 24 355
696 10 7 47 561
697 3 3 11 591
698 0 1 1 1
699 649 362 4524 8
700 694 346 144 1
701 11 7 23 228
702 9 8 2 157
703 7 7 4 3
704 292 249 186 2
705 113 120 1094 837
706 1 0 1 5
707 0 2 2 171
708 12 12 21 26
709 70 58 139 82
710 52 31 420 485
711 0 0 2 74
712 15 23 6 0
713 155 134 24 29
2 33 48 22 49
714 0 1 5 12
715 1 2 7 4
716 3 4 6 100
717 5 3 6 328
718 2 1 6 17
719 13 13 2 1
720 8 12 32 6
721 337 209 155 2
722 219 246 371 33
723 16 8 124 325
724 40 22 50 826
725 1 0 1 237
726 48 43 44 0
727 168 198 93 953
728 95 176 16 89
729 323 422 2136 109
730 166 83 100 173
731 748 1040 684 591
732 19 28 20 1
733 10 15 0 2
734 233 122 107 0
735 0 0 1 2
736 0 1 0 39
737 8 5 0 1
738 665 1262 346 3
739 130 63 22 1013
740 285 211 1398 3
741 184 339 700 3
742 72 151 349 0
743 20 16 7 5
744 606 950 1355 13
745 800 962 863 4
746 884 487 1155 126
747 254 350 277 6
748 445 672 661 2
749 1 1 0 185
750 60 67 48 293
751 879 1019 440 1
752 0 1 1 39
753 13 9 2 80
754 37 21 257 103
755 26 55 30 6
756 20 13 2 1
757 12 18 6 900
758 22 15 65 13
759 726 852 3741 2
760 23 23 10 23
761 28 41 101 5
762 28 46 84 157
763 6 6 19 102
764 92 52 276 56
765 657 447 5162 782
766 30 44 24 3
9 79 126 12 4
767 7 4 8 27
768 14 8 3 16
769 65 107 360 115
770 0 0 0 74
771 2 5 3 3
772 24 13 113 2
773 2 1 13 37
774 133 267 456 24
775 1 1 1 0
776 27 18 69 172
777 796 1232 4979 372
778 1 1 1 1
779 4 5 2 588
780 1 1 0 9
781 4 1 3 149
782 466 641 201 1
783 4 3 1 430
784 115 77 384 91
785 2 0 7 0
786 134 121 593 67
787 6 8 3 77
788 27 33 143 55
789 9 5 56 3
790 10 7 93 9
791 15 17 3 291
792 112 80 449 207
793 3 5 0 15
794 22 17 28 1
795 10 22 25 6
796 800 1196 1704 15
797 3 6 1 620
798 3 2 8 171
799 21 19 111 1
800 843 725 4610 8
801 1 1 2 310
802 610 537 171 326
803 4 6 9 17
804 321 493 1808 39
4 3 2 0 1
805 3 5 19 3
806 569 752 3881 5
807 1 0 6 395
808 29 47 171 48
809 192 132 95 1
810 29 21 13 196
811 86 91 176 318
812 158 97 21 107
813 242 184 119 115
814 4 5 1 20
815 0 1 1 93
816 113 72 24 89
1 273 167 119 212
817 7 10 16 3
818 335 422 477 764
819 905 536 152 55
820 17 15 6 5
821 0 3 5 0
822 1 1 0 2
823 33 42 9 2
824 9 9 8 33
825 84 125 241 1
826 0 0 4 3
827 5 1 0 312
828 1 0 1 0
829 29 20 16 15
830 26 18 19 41
2 71 123 541 8
6 58 64 161 4
831 161 109 85 476
832 329 285 210 78
833 0 1 1 2
834 9 17 5 4
835 33 37 109 381
836 0 2 1 44
837 26 30 52 6
838 33 20 5 29
839 147 169 85 625
840 4 11 0 428
841 562 889 494 394
842 162 178 69 2
843 418 474 247 10
844 4 3 11 21
845 242 216 1233 62
846 63 67 8 346
847 13 21 2 4
848 28 19 136 5
849 58 50 81 442
850 25 49 15 721
851 106 176 27 10
852 173 121 1346 88
853 28 40 41 860
854 304 323 2874 8
855 276 173 165 412
856 0 0 1 307
857 271 263 213 2
858 2 2 0 2
859 27 14 143 6
860 2 0 9 135
861 17 30 1 58
862 2 1 11 104
863 39 28 7 104
864 55 35 9 34
865 0 0 0 238
866 172 299 398 3
867 2 2 12 287
868 283 215 1719 2
869 83 97 54 102
870 130 104 65 2
871 48 27 333 26
872 17 15 3 0
873 6 3 15 231
874 3 1 5 2
875 207 191 138 2
876 5 6 53 9
877 167 88 852 86
878 140 80 99 21
879 5 3 1 335
880 186 113 1002 0
881 46 29 24 309
882 26 26 5 50
883 135 82 54 1
884 1 3 0 9
885 53 49 9 9
