nbLocalisations 1
nbRessources 3
nbMachines 100
nbProcessus 1000
nbServices 1000
*******Machines*******
0 2316 1730 2366 2021 1512 1977
0 1366 1907 3739 1069 1795 3589
0 3161 3713 3693 2559 3809 3641
0 1513 1901 2994 1283 1668 2782
0 2060 2701 2001 1966 2494 1441
0 590 662 683 499 589 616
0 1088 781 5154 757 664 4459
0 1924 1852 5039 1499 1457 5415
0 1325 1710 1026 1085 1487 771
0 110 123 326 88 100 303
0 468 454 931 509 340 767
0 216 313 828 176 274 723
0 498 672 1093 526 585 844
0 3758 3866 5823 2938 3434 4610
0 1477 1074 6868 1367 1007 5785
0 1919 2280 3071 0 0 0
0 526 310 183 448 291 142
0 1317 1842 2198 1184 1614 1913
0 1142 1282 3038 1023 1177 2872
0 1674 1951 6939 1199 1578 5327
0 1201 1805 4348 947 1573 4113
0 498 339 1917 453 258 1361
0 503 519 785 482 464 646
0 569 657 377 464 626 303
0 1850 1411 1572 1624 1324 1309
0 871 1241 617 772 1038 429
0 4565 5423 6973 3826 4476 5752
0 1144 1926 396 1073 1916 314
0 1889 2062 1147 1557 1650 1050
0 1011 1098 1618 1029 934 1309
0 998 1640 1887 999 1365 1584
0 818 1241 398 729 1276 320
0 1258 1011 1877 911 921 1866
0 1267 828 512 1008 598 493
0 1039 1079 2219 894 1025 2080
0 1334 2066 981 969 1749 883
0 310 220 984 241 166 1006
0 3157 3326 4353 2346 2711 3860
0 1288 1320 4264 1076 1159 3698
0 4897 4015 5508 4350 3286 5561
0 2135 2772 3862 2007 2827 3020
0 2056 2503 3954 1666 2112 3602
0 1741 1859 7590 1757 1573 7798
0 334 401 416 310 403 380
0 1543 1833 2861 1543 1490 2564
0 1534 1510 1809 1332 1272 1670
0 172 226 365 152 179 303
0 2391 1859 2354 2168 1674 2183
0 1074 1412 835 924 1134 709
0 2302 2318 7846 2373 1948 6096
0 1323 1313 2148 1041 1040 1995
0 1387 1742 2094 1105 1538 1759
0 2366 2445 6536 2401 1907 5163
0 2583 1967 3175 2613 1742 2515
0 1051 704 494 946 676 427
0 1641 2088 6648 1363 1797 5243
0 2051 3062 4004 2179 3017 3990
0 415 418 2484 408 314 2063
0 491 662 2083 425 606 1733
0 504 599 335 422 679 252
0 1948 1954 3723 2005 1639 3838
0 1124 1481 2078 1038 1167 1491
0 1563 2426 3683 1269 2090 3656
0 1406 1369 900 1070 1157 804
0 2069 2431 6661 1600 2301 5132
0 1702 1404 1006 1724 1108 805
0 265 346 1242 232 298 958
0 2519 2788 2467 2489 2831 2000
0 570 664 1018 455 530 961
0 1968 1679 5528 1570 1579 5400
0 762 530 3191 564 493 3047
0 2501 4305 7682 2621 3935 7079
0 1620 1428 2913 0 0 0
0 1370 1705 3463 1222 1548 3014
0 480 583 245 346 567 215
0 771 927 901 659 857 899
0 1734 1238 1121 1752 1089 1007
0 1644 1535 1433 1497 1716 1288
0 590 439 2395 527 383 2434
0 1052 1141 298 936 980 259
0 859 1613 2074 760 1224 1731
0 1467 1930 2245 1247 1595 1933
0 201 187 471 0 0 0
0 864 982 1957 778 1010 1400
0 2407 3549 10231 2344 2633 9174
0 2332 2126 3897 1891 2004 2944
0 947 1329 281 773 1192 243
0 3721 3528 10337 3103 3139 8280
0 1039 1353 1328 967 1376 1161
0 2367 2039 4756 2148 2218 3712
0 2839 3177 3404 2511 3274 3265
0 358 461 820 300 408 639
0 679 817 1155 610 632 1108
0 274 225 178 0 0 1
0 1859 2318 4537 2027 2071 3722
0 676 1077 499 596 934 425
0 962 1320 5201 988 1174 4365
0 1227 1312 2380 1116 1038 2287
0 1851 1696 3711 1573 1470 3525
0 1201 833 2366 1179 799 1937
*******Services*******
0
0
0
0
0
0
0
0
0
0
0
0
0
0
0
0
0
0
0
0
0
0
0
0
0
0
0
0
0
0
0
0
0
0
0
0
0
0
0
0
0
0
0
0
0
0
0
0
0
0
0
0
0
0
0
0
0
0
0
0
0
0
0
0
0
0
0
0
0
0
0
0
0
0
0
0
0
0
0
0
0
0
0
0
0
0
0
0
0
0
0
0
0
0
0
0
0
0
0
0
0
0
0
0
0
0
0
0
0
0
0
0
0
0
0
0
0
0
0
0
0
0
0
0
0
0
0
0
0
0
0
0
0
0
0
0
0
0
0
0
0
0
0
0
0
0
0
0
0
0
0
0
0
0
0
0
0
0
0
0
0
0
0
0
0
0
0
0
0
0
0
0
0
0
0
0
0
0
0
0
0
0
0
0
0
0
0
0
0
0
0
0
0
0
0
0
0
0
0
0
0
0
0
0
0
0
0
0
0
0
0
0
0
0
0
0
0
0
0
0
0
0
0
0
0
0
0
0
0
0
0
0
0
0
0
0
0
0
0
0
0
0
0
0
0
0
0
0
0
0
0
0
0
0
0
0
0
0
0
0
0
0
0
0
0
0
0
0
0
0
0
0
0
0
0
0
0
0
0
0
0
0
0
0
0
0
0
0
0
0
0
0
0
0
0
0
0
0
0
0
0
0
0
0
0
0
0
0
0
0
0
0
0
0
0
0
0
0
0
0
0
0
0
0
0
0
0
0
0
0
0
0
0
0
0
0
0
0
0
0
0
0
0
0
0
0
0
0
0
0
0
0
0
0
0
0
0
0
0
0
0
0
0
0
0
0
0
0
0
0
0
0
0
0
0
0
0
0
0
0
0
0
0
0
0
0
0
0
0
0
0
0
0
0
0
0
0
0
0
0
0
0
0
0
0
0
0
0
0
0
0
0
0
0
0
0
0
0
0
0
0
0
0
0
0
0
0
0
0
0
0
0
0
0
0
0
0
0
0
0
0
0
0
0
0
0
0
0
0
0
0
0
0
0
0
0
0
0
0
0
0
0
0
0
0
0
0
0
0
0
0
0
0
0
0
0
0
0
0
0
0
0
0
0
0
0
0
0
0
0
0
0
0
0
0
0
0
0
0
0
0
0
0
0
0
0
0
0
0
0
0
0
0
0
0
0
0
0
0
0
0
0
0
0
0
0
0
0
0
0
0
0
0
0
0
0
0
0
0
0
0
0
0
0
0
0
0
0
0
0
0
0
0
0
0
0
0
0
0
0
0
0
0
0
0
0
0
0
0
0
0
0
0
0
0
0
0
0
0
0
0
0
0
0
0
0
0
0
0
0
0
0
0
0
0
0
0
0
0
0
0
0
0
0
0
0
0
0
0
0
0
0
0
0
0
0
0
0
0
0
0
0
0
0
0
0
0
0
0
0
0
0
0
0
0
0
0
0
0
0
0
0
0
0
0
0
0
0
0
0
0
0
0
0
0
0
0
0
0
0
0
0
0
0
0
0
0
0
0
0
0
0
0
0
0
0
0
0
0
0
0
0
0
0
0
0
0
0
0
0
0
0
0
0
0
0
0
0
0
0
0
0
0
0
0
0
0
0
0
0
0
0
0
0
0
0
0
0
0
0
0
0
0
0
0
0
0
0
0
0
0
0
0
0
0
0
0
0
0
0
0
0
0
0
0
0
0
0
0
0
0
0
0
0
0
0
0
0
0
0
0
0
0
0
0
0
0
0
0
0
0
0
0
0
0
0
0
0
0
0
0
0
0
0
0
0
0
0
0
0
0
0
0
0
0
0
0
0
0
0
0
0
0
0
0
0
0
0
0
0
0
0
0
0
0
0
0
0
0
0
0
0
0
0
0
0
0
0
0
0
0
0
0
0
0
0
0
0
0
0
0
0
0
0
0
0
0
0
0
0
0
0
0
0
0
0
0
0
0
0
0
0
0
0
0
0
0
0
0
0
0
0
0
0
0
0
0
0
0
0
0
0
0
0
0
0
0
0
0
0
0
0
0
0
0
0
0
0
0
0
0
0
0
0
0
0
0
0
0
0
0
0
0
0
0
0
0
0
0
0
0
0
0
0
0
0
0
0
0
0
0
0
0
0
0
0
0
0
0
0
0
0
0
0
0
0
0
0
0
0
0
0
0
0
0
0
0
0
0
0
0
0
0
0
0
0
0
0
0
0
0
0
0
0
0
0
0
0
0
0
0
0
0
0
0
0
0
0
0
0
0
0
0
0
0
0
0
0
0
0
*******Processus*******
0 145 140 53
1 230 282 617
2 10 6 3
3 747 455 890
4 138 140 50
5 774 1470 5421
6 4 4 11
7 2 4 4
8 62 93 314
9 17 11 43
10 71 42 321
11 33 36 48
12 3 1 4
13 2 0 2
14 5 4 7
15 1 1 2
16 92 61 14
17 3 4 20
18 18 9 52
19 43 40 7
20 1 0 0
21 360 219 986
22 0 3 2
23 68 79 33
24 79 56 153
25 92 65 23
26 230 441 1469
27 0 1 7
28 8 9 4
29 23 13 4
30 51 38 29
31 9 9 19
32 713 474 469
33 242 364 303
34 14 26 88
35 5 2 42
36 2 1 4
37 0 1 5
38 13 18 36
39 2 2 1
40 42 55 50
41 37 19 46
42 22 28 9
43 72 41 14
44 55 63 330
45 16 16 29
46 764 578 1825
47 609 354 984
48 0 1 1
49 9 14 8
50 1 1 1
51 0 1 1
52 134 183 40
53 251 317 87
54 140 78 388
55 1 2 1
56 10 17 28
57 706 1164 1308
58 22 21 6
59 7 3 5
60 107 157 58
61 883 465 210
62 1 0 1
63 103 53 204
64 0 0 1
65 37 30 94
66 140 225 30
67 70 150 246
68 17 8 3
69 41 69 33
70 2 0 0
71 12 15 2
72 0 3 1
73 28 36 19
74 22 26 9
75 4 6 23
76 65 75 130
77 1 1 10
78 55 55 107
79 31 27 80
80 23 41 8
81 195 189 27
82 0 1 1
83 10 23 2
84 3 4 1
85 217 126 98
86 0 1 0
87 73 44 200
88 1 1 7
89 5 5 6
90 0 0 2
91 227 140 908
92 1 1 0
93 13 21 2
94 1 1 0
95 1 1 2
96 2 1 2
97 16 16 2
98 512 657 778
99 2 3 2
100 46 52 307
101 5 8 1
102 10 10 2
103 0 2 2
104 2 2 6
105 50 49 111
106 651 487 1879
107 2 0 7
108 306 450 242
109 1 0 8
110 9 14 6
111 4 6 1
112 52 41 164
113 817 598 131
114 26 51 25
115 33 15 26
116 26 23 9
117 330 322 193
118 3 2 2
119 173 80 88
120 1 1 0
121 14 12 5
122 1 4 16
123 44 33 23
124 11 10 13
125 58 42 62
126 30 34 17
127 1 0 0
128 6 6 28
129 15 8 39
130 439 485 2574
131 8 15 54
132 86 111 338
133 4 2 2
134 128 60 600
135 21 20 68
136 149 103 98
137 800 1550 1270
138 46 66 267
139 22 31 20
140 3 2 1
141 23 17 49
142 107 139 64
143 0 1 1
144 6 4 1
145 14 14 38
146 102 96 16
147 51 80 30
148 13 23 58
149 125 82 49
150 671 753 1606
151 1 0 8
152 523 776 629
153 12 9 2
154 152 172 908
155 30 54 100
156 12 18 9
157 16 17 117
158 10 7 78
159 9 17 1
160 6 5 32
161 2 4 23
162 2 2 4
163 29 33 8
164 57 47 39
165 7 10 63
166 30 24 69
167 209 265 242
168 4 6 25
169 53 80 18
170 8 7 49
171 182 108 66
172 23 14 191
173 3 5 1
174 13 12 15
175 18 16 2
176 1 2 1
177 11 5 26
178 0 0 0
179 2 2 11
180 227 520 275
181 5 6 16
182 9 9 28
183 87 74 307
184 243 173 318
185 38 39 26
186 2 6 2
187 483 792 99
188 416 210 595
189 12 11 83
190 42 76 106
191 256 159 1060
192 16 8 42
193 275 184 50
194 0 0 6
195 31 71 31
196 2 1 1
197 0 0 1
198 8 10 3
199 35 31 95
200 0 0 4
201 341 576 603
202 72 112 84
203 4 8 6
204 128 71 221
205 442 359 276
206 0 0 0
207 16 10 5
208 476 470 1024
209 38 67 225
210 643 350 235
211 4 4 15
212 24 22 3
213 1 0 3
214 4 2 38
215 1 1 1
216 18 14 2
217 135 145 42
218 4 7 18
219 0 0 3
220 189 200 27
221 104 120 816
222 257 405 244
223 1 1 0
224 50 43 13
225 113 83 107
226 21 30 144
227 457 643 774
228 128 80 32
229 0 1 1
230 8 12 1
231 386 517 274
232 1 2 1
233 298 154 71
234 126 134 47
235 191 242 115
236 569 324 938
237 57 37 8
238 14 6 12
239 187 110 78
240 0 0 10
241 3 1 16
242 7 5 39
243 22 38 120
244 226 193 56
245 151 152 23
246 115 191 561
247 47 44 148
248 2 1 18
249 277 292 262
250 45 52 34
251 40 52 6
252 456 269 92
253 655 349 116
254 12 7 76
255 85 109 252
256 6 9 1
257 0 1 0
258 2 3 0
259 2 0 19
260 0 1 0
261 616 467 382
262 11 8 42
263 1 0 1
264 328 336 1225
265 12 16 12
266 68 92 35
267 3 4 21
268 8 15 1
269 133 175 25
270 2 2 0
271 0 0 4
272 1 2 1
273 7 13 16
274 77 42 24
275 0 0 1
276 251 268 46
277 71 41 20
278 19 11 21
279 40 26 49
280 618 792 115
281 3 4 17
282 0 0 3
283 8 3 38
284 495 770 1134
285 447 895 529
286 83 71 420
287 14 11 12
288 147 187 98
289 190 299 47
290 359 668 143
291 7 8 2
292 1 0 7
293 12 12 2
294 141 84 205
295 6 3 42
296 0 1 0
297 39 22 204
298 419 243 251
299 4 2 39
300 31 43 59
301 57 54 184
302 725 1120 929
303 251 176 94
304 59 80 11
305 4 5 1
306 24 23 10
307 301 402 361
308 7 3 2
309 1 2 5
310 0 0 4
311 272 179 1426
312 1 1 2
313 4 3 29
314 1 2 0
315 48 27 44
316 112 143 129
317 70 54 84
318 3 4 1
319 17 12 4
320 92 103 176
321 1 0 7
322 32 31 109
323 575 824 594
324 1 0 0
325 7 4 19
326 156 101 29
327 0 3 0
328 192 126 1101
329 24 36 97
330 19 10 48
331 20 19 4
332 6 6 29
333 6 4 8
334 1 1 8
335 297 135 337
336 448 417 894
337 1 1 6
338 26 22 8
339 17 25 7
340 0 3 0
341 77 136 135
342 0 0 7
343 0 1 0
344 1 2 0
345 169 273 23
346 10 6 18
347 3 4 22
348 286 501 826
349 98 135 28
350 26 15 14
351 16 10 22
352 12 16 2
353 11 11 13
354 24 22 11
355 1 2 1
356 20 40 48
357 333 173 1305
358 32 42 12
359 262 190 283
360 79 132 389
361 7 8 11
362 544 361 192
363 11 6 36
364 1 0 0
365 79 112 11
366 161 223 190
367 162 226 358
368 503 649 84
369 15 11 2
370 94 97 781
371 29 16 54
372 839 618 493
373 60 57 21
374 4 5 3
375 24 24 38
376 11 17 16
377 194 159 55
378 5 3 20
379 0 1 1
380 576 331 1478
381 1 1 1
382 2 4 9
383 100 175 25
384 32 15 270
385 7 8 1
386 161 107 449
387 28 29 30
388 14 20 19
389 0 0 0
390 284 238 219
391 341 509 180
392 2 3 1
393 11 8 77
394 1 1 1
395 157 72 18
396 4 4 8
397 95 130 363
398 48 43 21
399 275 509 1574
400 7 6 0
401 1 1 1
402 841 506 763
403 327 172 675
404 64 55 96
405 111 72 72
406 1 2 1
407 559 302 5208
408 39 38 41
409 9 17 39
410 29 50 10
411 94 65 153
412 461 365 702
413 6 7 13
414 3 3 1
415 419 216 131
416 28 22 119
417 2 1 7
418 0 3 1
419 51 29 129
420 4 5 4
421 14 9 18
422 43 53 8
423 1 1 9
424 4 2 5
425 58 62 44
426 10 12 32
427 40 27 260
428 31 23 35
429 119 101 138
430 1 0 9
431 40 30 8
432 293 255 100
433 0 1 2
434 2 0 0
435 614 314 4165
436 69 57 310
437 3 1 1
438 70 81 200
439 83 69 37
440 115 66 46
441 0 1 1
442 29 41 4
443 18 14 81
444 4 10 0
445 15 20 1
446 865 1828 421
447 23 20 182
448 99 124 69
449 18 12 99
450 35 54 9
451 349 406 527
452 529 348 506
453 0 1 0
454 31 16 34
455 801 506 2139
456 214 164 132
457 400 628 3733
458 36 43 41
459 305 345 957
460 398 200 431
461 363 332 176
462 1 1 1
463 875 1493 222
464 14 19 97
465 74 34 12
466 1 0 1
467 9 6 10
468 24 12 2
469 6 2 22
470 72 98 62
471 588 356 909
472 59 49 214
473 20 23 16
474 0 0 3
475 6 5 43
476 1 1 11
477 41 20 220
478 682 871 180
479 20 33 2
480 1 1 2
481 18 10 4
482 221 146 168
483 0 0 5
484 0 1 1
485 85 51 89
486 57 31 70
487 570 902 240
488 0 1 6
489 140 190 256
490 1 1 0
491 12 21 4
492 791 590 1039
493 730 1130 682
494 528 299 83
495 2 0 9
496 335 158 1601
497 5 5 0
498 96 56 274
499 0 0 1
500 4 9 1
501 143 135 32
502 2 1 7
503 31 32 122
504 2 0 29
505 41 33 70
506 17 21 7
507 2 1 0
508 20 12 4
509 40 50 38
510 0 1 1
511 120 117 53
512 280 356 43
513 408 786 98
514 15 35 6
515 1 0 1
516 0 0 1
517 161 152 36
518 49 60 11
519 72 42 136
520 2 1 1
521 23 21 4
522 6 9 3
523 39 31 44
524 1 0 1
525 1 1 2
526 20 43 141
527 131 165 22
528 3 3 18
529 11 6 37
530 18 12 45
531 4 4 7
532 0 1 1
533 487 269 639
534 4 3 36
535 0 2 0
536 10 14 15
537 2 2 9
538 61 128 10
539 2 4 0
540 6 5 3
541 610 665 599
542 5 8 4
543 34 51 14
544 146 217 147
545 257 323 215
546 32 32 124
547 422 531 1387
548 0 0 1
549 886 1534 1152
550 2 2 0
551 18 27 24
552 5 4 2
553 102 122 167
554 234 346 380
555 550 896 4715
556 1 0 1
557 302 404 103
558 16 10 128
559 48 38 7
560 45 75 239
561 1 1 20
562 23 28 93
563 5 5 7
564 9 6 7
565 12 10 14
566 857 1723 112
567 715 824 517
568 469 233 114
569 5 3 31
570 2 0 4
571 207 133 542
572 8 4 3
573 123 112 105
574 3 1 21
575 8 13 10
576 87 56 24
577 160 273 166
578 7 12 4
579 18 13 39
580 3 7 15
581 204 384 1087
582 329 543 262
583 16 11 30
584 7 4 2
585 13 12 2
586 12 25 8
587 132 226 388
588 164 232 200
589 4 5 0
590 76 37 30
591 1 1 4
592 303 289 997
593 57 79 11
594 25 19 149
595 384 272 123
596 56 61 168
597 15 8 2
598 6 2 2
599 9 6 15
600 2 4 1
601 15 27 92
602 187 117 79
603 129 116 106
604 294 173 1791
605 45 72 10
606 29 46 4
607 669 969 116
608 1 2 12
609 2 1 17
610 6 11 0
611 9 7 3
612 91 147 590
613 23 48 90
614 17 23 20
615 579 296 1244
616 2 2 0
617 11 14 12
618 16 18 73
619 2 2 4
620 46 38 173
621 5 9 0
622 390 332 155
623 42 36 11
624 3 1 24
625 13 14 77
626 83 113 389
627 249 530 87
628 702 1205 3498
629 4 2 3
630 47 78 110
631 383 581 2315
632 16 13 99
633 290 358 595
634 16 10 24
635 11 10 23
636 33 17 91
637 152 155 83
638 616 468 190
639 690 1073 113
640 369 224 377
641 0 1 0
642 314 293 83
643 237 142 1573
644 377 353 73
645 1 0 1
646 10 9 4
647 1 0 3
648 32 13 10
649 17 12 16
650 759 1393 759
651 0 0 1
652 1 4 18
653 13 12 2
654 17 23 3
655 2 2 9
656 319 653 169
657 2 1 2
658 15 11 11
659 3 2 0
660 8 9 15
661 4 1 5
662 13 13 84
663 464 270 222
664 39 63 34
665 68 67 16
666 1 3 1
667 130 217 18
668 1 0 1
669 349 377 532
670 124 257 138
671 3 1 1
672 525 592 2934
673 688 391 1074
674 16 30 4
675 2 0 2
676 1 1 1
677 47 66 144
678 13 13 27
679 681 686 1231
680 33 62 7
681 121 76 59
682 13 7 3
683 34 33 5
684 0 0 0
685 0 1 3
686 46 51 426
687 227 196 512
688 447 561 675
689 346 695 2418
690 0 0 1
691 27 30 6
692 89 80 112
693 182 115 224
694 270 217 1445
695 60 43 195
696 3 3 1
697 1 1 0
698 101 114 70
699 603 706 126
700 50 72 17
701 20 16 48
702 2 2 1
703 2 2 3
704 4 2 3
705 8 5 34
706 85 106 191
707 0 0 1
708 12 6 2
709 1 2 0
710 26 24 14
711 0 1 1
712 39 21 159
713 29 29 114
714 390 339 107
715 2 1 1
716 23 21 2
717 60 54 99
718 6 10 1
719 21 13 5
720 27 51 86
721 580 446 254
722 123 70 49
723 577 343 222
724 87 148 16
725 45 85 47
726 47 56 112
727 33 53 55
728 1 1 2
729 3 1 5
730 114 242 20
731 1 1 1
732 211 347 86
733 191 133 359
734 3 1 1
735 298 291 268
736 6 7 18
737 2 0 11
738 193 111 66
739 230 153 923
740 154 184 932
741 21 21 40
742 1 1 0
743 9 15 70
744 479 813 2360
745 1 1 4
746 1 2 0
747 1 0 3
748 818 658 2889
749 4 3 0
750 48 88 330
751 558 593 1471
752 111 101 86
753 4 4 32
754 2 3 3
755 16 9 13
756 3 6 0
757 135 107 263
758 24 45 3
759 4 1 1
760 8 15 3
761 59 81 174
762 1 1 6
763 151 142 224
764 906 689 150
765 84 49 52
766 337 425 172
767 31 17 47
768 0 0 7
769 65 33 159
770 0 0 4
771 43 93 21
772 18 17 90
773 3 4 10
774 0 1 1
775 1 0 0
776 84 127 327
777 20 22 139
778 8 4 34
779 24 31 185
780 1 0 8
781 0 2 0
782 6 7 2
783 26 14 171
784 91 86 14
785 456 815 1974
786 2 3 1
787 53 63 66
788 538 406 2311
789 567 919 938
790 3 4 1
791 2 2 1
792 104 168 161
793 51 67 49
794 1 0 1
795 765 672 1240
796 4 6 10
797 63 51 140
798 9 10 7
799 96 148 188
800 0 0 0
801 78 55 599
802 149 237 28
803 46 73 10
804 76 75 176
805 9 10 4
806 23 18 10
807 339 289 688
808 157 137 25
809 22 25 7
810 302 454 1741
811 268 306 1869
812 232 257 68
813 9 16 2
814 6 7 8
815 71 132 100
816 97 161 265
817 2 3 7
818 255 208 284
819 347 530 1722
820 6 4 7
821 20 9 1
822 35 47 12
823 279 327 234
824 309 346 193
825 1 3 1
826 2 5 26
827 202 221 486
828 560 565 609
829 0 0 0
830 81 79 29
831 5 5 1
832 81 166 146
833 7 7 14
834 372 391 100
835 10 4 22
836 32 33 30
837 255 122 199
838 4 3 0
839 507 429 642
840 10 18 1
841 59 46 532
842 1 0 3
843 25 41 205
844 5 4 21
845 3 2 31
846 43 80 141
847 1 2 13
848 2 2 0
849 5 2 6
850 31 20 6
851 38 38 245
852 12 10 3
853 1 2 1
854 1 0 0
855 7 5 0
856 42 79 55
857 225 460 1442
858 4 2 2
859 0 2 1
860 2 1 8
861 125 104 251
862 335 176 589
863 648 1137 772
864 17 13 34
865 87 111 46
866 7 8 1
867 378 183 2312
868 6 4 37
869 107 186 842
870 638 402 3025
871 374 516 2665
872 153 165 392
873 0 0 1
874 3 4 13
875 110 199 223
876 6 6 16
877 0 2 0
878 5 7 0
879 2 3 1
880 38 35 55
881 207 255 978
882 8 14 9
883 856 1318 255
884 106 153 925
885 91 50 205
886 0 1 8
887 23 17 23
888 661 936 945
889 39 18 5
890 1 1 1
891 2 2 1
892 5 4 20
893 265 157 1004
894 21 17 2
895 1 1 14
896 545 302 2374
897 474 739 1519
898 4 3 2
899 915 483 325
900 154 94 55
901 7 5 10
902 56 37 52
903 386 611 359
904 3 4 29
905 0 1 3
906 3 1 0
907 52 28 348
908 4 5 8
909 1 1 0
910 91 57 16
911 179 89 169
912 26 28 112
913 125 70 265
914 52 96 14
915 126 60 626
916 8 18 12
917 2 2 0
918 0 1 1
919 10 6 1
920 3 4 25
921 12 6 5
922 8 10 12
923 0 1 0
924 1 2 12
925 502 657 441
926 171 192 25
927 1 2 4
928 0 1 0
929 2 1 0
930 35 32 12
931 126 277 46
932 8 4 3
933 11 15 12
934 130 84 36
935 220 301 391
936 20 39 63
937 2 2 1
938 1 1 4
939 106 82 309
940 1 1 2
941 266 182 853
942 4 4 10
943 66 96 152
944 14 14 1
945 40 30 12
946 39 48 192
947 561 883 147
948 45 59 280
949 24 24 81
950 39 16 45
951 6 5 39
952 5 7 1
953 47 28 326
954 1 1 7
955 344 244 171
956 1 1 1
957 1 2 0
958 16 29 23
959 1 1 8
960 9 6 12
961 46 49 288
962 752 1229 4577
963 0 0 7
964 299 260 1776
965 57 34 416
966 217 356 193
967 104 197 83
968 1 1 0
969 23 20 149
970 298 304 828
971 43 72 223
972 85 117 359
973 3 3 2
974 18 9 85
975 79 134 67
976 12 14 103
977 69 92 22
978 6 3 15
979 133 154 273
980 97 139 712
981 0 1 7
982 1 2 1
983 4 9 11
984 90 105 16
985 131 78 302
986 1 1 10
987 108 200 251
988 27 22 3
989 1 1 0
990 101 195 17
991 5 7 8
992 4 5 1
993 8 12 25
994 60 27 224
995 0 0 0
996 81 52 94
997 145 150 624
998 611 379 299
999 251 441 339
