nbLocalisations 25
nbRessources 3
nbMachines 100
nbProcessus 1000
nbServices 216
*******Machines*******
14 1012 222 465 834 177 338 
9 2117 6213 2639 1627 4876 2319 
7 1327 1531 3864 1031 1246 2967 
13 947 1394 2716 767 1161 2096 
7 2477 3504 2559 2236 2718 1821 
6 1943 3792 879 1779 3496 818 
22 1249 979 2914 1107 891 2764 
20 827 450 1773 769 382 1565 
8 979 2217 2651 707 1726 2427 
5 733 1764 364 663 1474 330 
0 1635 3645 3578 1192 2901 2804 
1 533 432 1160 476 396 1041 
14 1419 3143 1270 1320 2435 1091 
21 2460 9673 1505 2161 8685 1138 
23 999 2638 1526 724 1957 1209 
15 1147 2442 383 1020 2126 295 
23 1247 549 4514 987 502 3637 
2 367 1723 885 346 1535 752 
3 1231 892 2629 954 663 2407 
17 165 506 1184 115 370 1034 
9 1783 3011 1084 1678 2402 802 
3 702 2134 2284 635 1988 1650 
17 1193 502 1247 1028 463 1085 
18 2017 1525 290 1748 1379 216 
22 1097 1470 824 962 1050 603 
16 1234 1163 3773 1111 846 3248 
18 556 2818 484 437 2000 349 
23 1702 668 3323 1269 482 3133 
1 2479 6137 888 2245 5007 702 
15 1596 1404 902 1386 1254 758 
10 610 441 2061 512 325 1642 
22 1407 6187 3628 1218 5196 2742 
21 2627 6350 1605 2119 5295 1438 
19 1594 1340 400 1170 1248 306 
0 706 1101 1293 569 823 1164 
11 1405 2122 1761 1251 1578 1668 
19 945 1369 2639 848 1006 1860 
12 1726 1492 1736 1525 1294 1454 
4 2145 4967 4336 1723 4087 3481 
11 1033 3013 1088 957 2801 885 
1 1117 906 1415 997 784 1306 
14 2001 6094 197 1496 4332 137 
11 1017 3272 724 942 2855 582 
24 341 650 2683 259 493 2170 
20 800 771 1179 676 554 1042 
22 1144 2084 1857 970 1929 1550 
8 2340 2878 593 1967 2727 478 
24 1170 720 3427 1055 549 2552 
12 2044 6844 2872 1512 5632 2259 
20 1795 3244 1168 1665 2594 921 
8 2576 1513 2042 2160 1228 1923 
10 1261 4870 1061 1157 3472 863 
12 1695 5775 913 1272 5410 738 
17 1606 1288 899 1337 1108 660 
15 1956 3151 1139 1621 2290 797 
8 2870 2888 2695 2372 2174 2147 
15 1630 3427 1101 1453 2473 927 
13 1168 4363 2229 875 4017 1700 
9 2196 4229 2346 2057 3331 1962 
24 564 472 1100 410 377 826 
16 1677 7793 761 1420 5688 560 
12 1106 1000 1894 957 838 1357 
2 1539 7520 1403 1121 5369 1234 
23 1124 1864 1023 866 1471 828 
2 2160 4848 2682 2041 3810 2067 
1 968 1293 1267 884 1217 1101 
4 126 140 1056 111 109 958 
16 1088 2716 1416 887 2457 1339 
6 1466 1235 1758 1060 932 1650 
19 1003 1685 619 726 1351 460 
4 667 464 225 562 437 212 
2 1810 2259 972 1632 1732 744 
5 1781 5018 2160 1509 3517 1531 
18 1782 3474 3778 1444 2959 3539 
13 939 1102 2220 754 800 1648 
3 1419 4681 877 1208 3308 734 
6 1346 526 843 1115 396 750 
7 813 2569 3002 698 1862 2665 
10 2040 3639 484 1521 3074 417 
0 544 1885 2520 447 1739 2204 
17 760 2710 1334 559 2251 1033 
0 1171 3398 1041 908 2504 931 
14 915 966 2128 850 801 1491 
18 313 1468 742 227 1073 617 
7 293 1434 443 224 1033 314 
16 500 1555 1361 354 1143 1141 
19 540 858 149 386 642 140 
24 1554 1374 2521 1447 1268 2097 
20 1297 747 235 1152 567 203 
5 1365 1580 1287 1238 1208 1159 
21 1298 2361 1669 1133 1950 1212 
9 2471 2545 1425 1865 2015 1007 
11 940 643 4234 749 465 3924 
6 731 3887 1318 579 2965 1034 
13 1261 5901 436 990 4478 389 
3 1127 1679 2280 797 1327 1973 
10 3125 3311 3341 2243 2565 2458 
4 462 2182 1325 375 1568 1148 
21 714 1137 2317 600 1018 1939 
5 231 366 1118 216 298 915 
*******Services*******
12
2
13
5
6
3
15
2
0
0
7
4
1
1
17
1
15
8
4
0
5
8
21
14
10
2
5
5
4
2
15
3
6
10
5
0
8
7
11
20
18
7
0
9
3
1
14
2
3
0
2
1
5
4
10
5
5
0
12
2
6
0
5
0
1
1
2
2
0
2
0
2
0
1
2
2
0
0
0
0
1
0
2
0
0
0
0
1
1
0
1
1
1
0
0
1
2
1
0
0
0
0
0
0
0
0
0
0
0
0
0
0
0
0
0
0
0
0
0
0
0
0
0
0
0
0
0
0
0
0
0
0
0
0
0
0
0
0
0
0
0
0
0
0
0
0
0
0
0
0
0
0
0
0
0
0
0
0
0
0
0
0
0
0
0
0
0
0
0
0
0
0
0
0
0
0
0
0
0
0
0
0
0
0
0
0
0
0
0
0
0
0
0
0
0
0
0
0
0
0
0
0
0
0
0
0
0
0
0
0
0
0
0
0
0
0
*******Processus*******
55 63 460 16 
100 1 9 1 
38 195 64 1 
89 2 1 95 
14 114 163 68 
28 164 352 17 
46 140 19 2 
30 130 28 2 
77 20 11 31 
101 1 7 2 
20 439 192 144 
67 1 8 9 
41 12 45 4 
3 2 1 6 
102 2 1 139 
16 37 27 324 
22 45 6 24 
10 43 93 38 
39 30 168 26 
32 4 13 561 
15 214 504 14 
26 5 2 374 
0 91 439 103 
42 25 61 2 
103 1 8 12 
26 18 44 24 
33 8 42 17 
42 158 107 8 
12 45 128 402 
43 349 64 5 
21 4 6 19 
48 47 25 116 
36 445 159 49 
66 1 4 29 
55 199 1350 11 
21 9 22 7 
37 4 10 12 
17 810 694 1 
6 104 20 43 
14 32 7 13 
33 4 3 929 
69 9 22 16 
47 3 5 318 
37 1 1 154 
40 329 2391 37 
6 54 9 14 
24 174 51 20 
45 243 212 16 
26 15 3 4 
12 14 122 1 
104 1 1 323 
44 27 9 46 
38 101 18 4 
33 2 3 75 
66 1 13 38 
14 86 25 2 
24 505 339 289 
66 5 1 72 
58 23 17 77 
58 98 79 1 
34 1 3 124 
105 1 10 265 
20 70 143 72 
64 9 2 3 
55 53 287 17 
20 55 277 1 
26 17 4 22 
18 21 4 717 
26 9 10 67 
106 1 6 1 
35 3 20 7 
96 4 1 50 
33 3 3 33 
35 2 1 63 
107 2 1 9 
39 248 89 11 
23 51 27 4 
22 62 291 22 
23 53 32 1 
108 2 5 209 
55 78 283 2 
0 130 181 85 
27 8 12 3 
16 34 5 864 
20 699 104 29 
7 1 6 5 
33 27 36 3 
23 25 27 869 
22 31 34 2 
33 3 1 12 
76 4 6 346 
90 1 4 1 
58 9 16 197 
2 108 47 154 
6 118 78 10 
80 8 6 209 
58 245 64 208 
87 3 11 237 
109 2 11 2 
4 388 260 10 
58 1 12 78 
18 3 13 126 
43 699 571 786 
37 1 1 11 
27 3 1 7 
9 5 18 2 
51 27 30 539 
24 149 401 5 
21 1 4 48 
22 21 11 2 
1 38 145 12 
110 1 1 3 
26 42 19 8 
111 1 3 9 
83 1 1 16 
20 567 228 102 
42 147 164 3 
12 141 261 12 
39 487 346 2 
26 9 7 43 
56 12 21 1 
112 1 1 33 
113 4 30 81 
2 128 239 7 
6 63 45 1 
30 32 15 1 
14 33 4 17 
12 92 124 48 
1 30 6 16 
22 43 330 20 
26 51 17 23 
0 68 20 114 
76 2 3 1 
17 864 2913 324 
79 1 2 136 
23 14 11 76 
41 98 17 1 
80 1 1 160 
85 1 4 21 
114 4 24 81 
62 6 18 1 
4 313 2053 15 
40 395 436 382 
73 1 2 10 
16 7 3 107 
115 2 7 120 
39 487 148 50 
116 1 1 3 
48 12 2 14 
37 6 2 38 
1 74 32 148 
74 12 25 6 
26 31 44 3 
4 318 919 823 
44 16 3 719 
6 201 888 2 
76 6 7 230 
15 323 2507 92 
65 455 311 1 
59 3 8 1 
21 5 11 49 
77 1 1 32 
18 4 4 504 
32 5 1 115 
33 11 2 6 
17 655 329 8 
39 257 60 225 
24 487 112 388 
22 9 57 284 
96 1 2 17 
83 1 1 9 
27 5 42 260 
25 23 9 123 
3 22 46 1 
40 199 60 31 
24 153 159 96 
89 14 16 574 
77 2 5 37 
36 669 1177 50 
15 380 152 46 
18 1 3 192 
65 45 290 5 
1 94 82 21 
32 6 1 513 
28 440 1241 12 
29 305 401 86 
10 14 10 1 
40 340 2033 2 
48 236 807 513 
18 23 19 329 
24 152 631 13 
25 44 15 467 
43 462 451 33 
77 20 3 112 
39 289 183 442 
42 13 4 2 
28 95 241 22 
55 737 180 80 
46 55 52 29 
82 1 7 9 
13 34 184 274 
14 84 330 89 
6 35 86 120 
0 51 287 7 
87 1 1 415 
63 6 1 4 
23 37 15 51 
23 34 121 9 
46 212 141 1 
57 4 1 2 
22 63 9 5 
21 1 1 40 
22 27 115 65 
117 1 1 2 
34 1 6 1 
18 18 37 122 
6 230 207 6 
13 91 719 79 
18 14 20 1 
18 2 5 305 
32 1 3 4 
39 264 1686 25 
6 225 31 36 
11 16 105 7 
118 1 1 14 
70 1 3 28 
91 2 4 15 
85 3 20 169 
55 398 102 18 
2 281 43 99 
119 1 1 4 
14 47 15 396 
69 21 47 276 
120 1 1 208 
0 32 9 774 
24 213 269 39 
28 160 202 4 
121 2 3 223 
72 11 75 7 
0 95 18 123 
43 471 64 60 
86 1 2 244 
39 181 104 1 
38 181 60 1 
32 4 32 8 
29 34 42 33 
45 241 47 38 
94 4 2 154 
35 3 1 11 
2 129 188 44 
99 3 3 11 
75 4 4 501 
122 3 5 200 
90 1 1 33 
32 12 22 12 
2 245 81 3 
23 9 56 12 
20 721 5639 15 
14 26 6 64 
67 1 8 1 
45 535 835 28 
26 7 12 418 
32 1 3 11 
28 224 145 277 
42 275 401 14 
17 85 319 1 
26 25 16 544 
39 196 149 86 
10 14 2 33 
123 3 13 1 
26 8 3 9 
55 567 781 4 
27 9 2 35 
33 14 42 409 
20 564 105 310 
45 85 12 119 
31 1 1 13 
46 43 145 3 
54 24 94 230 
124 3 9 1 
125 1 1 278 
34 1 4 19 
64 2 1 264 
52 9 1 152 
36 466 67 264 
14 75 568 3 
12 93 26 83 
42 40 184 791 
76 4 19 33 
58 36 304 7 
67 3 12 1 
18 12 57 2 
14 28 15 12 
79 2 1 14 
2 169 80 67 
126 14 10 1 
19 104 128 2 
14 19 64 3 
2 211 627 164 
36 659 190 450 
46 359 572 698 
12 138 59 31 
127 3 4 695 
15 452 61 999 
75 39 11 1 
128 1 1 16 
26 17 70 152 
129 1 2 24 
45 68 85 234 
22 133 69 82 
16 14 30 14 
28 72 12 252 
30 51 61 463 
28 175 46 483 
0 116 33 19 
2 134 539 123 
69 13 40 124 
36 45 360 35 
64 12 3 9 
0 102 26 4 
130 1 6 692 
40 74 488 91 
131 8 23 4 
29 86 399 9 
35 9 75 8 
23 16 7 392 
132 1 6 121 
41 21 5 168 
133 4 8 140 
4 456 94 94 
34 6 3 812 
26 28 5 10 
14 35 62 2 
6 61 48 564 
22 59 27 34 
35 16 129 614 
49 323 92 973 
134 1 2 308 
38 18 134 1 
41 43 10 30 
135 11 75 3 
30 65 15 722 
6 58 82 830 
40 322 135 106 
136 1 3 3 
71 2 1 1 
52 6 9 484 
62 21 52 7 
62 2 1 28 
23 56 7 298 
58 3 13 193 
36 776 233 47 
17 872 1415 4 
137 1 3 309 
2 114 148 159 
40 350 568 2 
38 633 793 1 
5 46 251 1 
22 34 6 18 
41 6 2 410 
62 34 9 45 
15 671 1819 2 
33 18 35 1 
138 1 2 442 
10 16 3 51 
139 1 1 3 
68 2 3 57 
63 45 28 26 
38 226 176 14 
77 4 2 353 
47 1 1 39 
38 152 1183 86 
43 810 601 275 
25 24 24 6 
140 1 8 32 
141 1 1 18 
45 333 64 86 
42 158 169 57 
142 2 1 38 
52 6 1 16 
143 1 9 6 
144 1 1 8 
2 128 21 1 
16 54 27 2 
2 252 718 609 
145 4 2 856 
33 6 2 12 
146 3 1 41 
22 41 93 178 
98 1 3 1 
147 1 13 21 
56 29 129 183 
34 17 3 419 
13 47 85 58 
8 171 239 4 
36 334 110 9 
85 10 7 159 
34 4 15 15 
36 43 224 1 
0 97 30 33 
33 2 3 216 
23 29 8 6 
42 10 11 3 
61 1 1 21 
148 3 11 13 
22 116 58 17 
59 2 14 12 
39 15 121 9 
77 4 1 246 
64 6 2 213 
6 111 643 54 
17 723 244 1 
3 9 29 2 
39 10 1 4 
42 4 1 84 
12 246 648 354 
29 101 597 250 
7 2 14 178 
11 32 6 727 
17 548 269 73 
39 166 98 777 
44 39 5 262 
42 65 289 8 
10 12 1 1 
149 1 2 5 
5 465 383 754 
54 25 14 4 
51 71 455 1 
96 1 1 1 
69 717 99 171 
24 120 17 13 
35 6 6 25 
8 109 177 8 
18 4 26 7 
24 142 28 442 
26 3 14 100 
30 74 45 302 
3 11 2 21 
4 514 641 220 
38 57 123 79 
150 2 11 287 
39 181 169 81 
41 16 17 16 
48 35 24 153 
151 3 1 14 
35 15 33 8 
152 2 1 491 
41 41 51 693 
84 1 1 653 
94 1 2 10 
14 110 169 805 
23 24 6 1 
12 209 212 1 
20 624 4847 349 
153 1 1 305 
30 112 168 5 
17 866 205 936 
21 14 54 1 
43 874 173 7 
0 70 213 1 
30 25 12 45 
11 4 5 28 
59 1 1 1 
50 6 39 134 
14 130 209 4 
30 401 266 187 
11 7 5 4 
17 857 5288 1 
154 3 1 3 
21 4 24 524 
98 2 6 163 
78 3 6 2 
31 4 6 633 
22 78 40 9 
3 6 4 1 
40 205 382 11 
22 69 575 1 
0 54 229 1 
155 1 7 203 
61 1 10 219 
12 38 47 1 
89 1 1 16 
46 28 24 4 
89 3 21 757 
23 29 23 1 
86 16 4 156 
14 39 231 1 
12 134 683 383 
12 33 14 7 
156 1 1 546 
22 23 15 32 
40 298 358 540 
81 2 1 407 
23 53 38 942 
54 22 33 101 
157 2 4 14 
42 177 428 615 
2 114 26 669 
15 236 513 9 
33 6 2 40 
158 1 1 15 
66 3 15 991 
64 3 1 12 
9 13 51 535 
88 4 11 1 
82 2 1 372 
60 1 1 984 
33 23 172 11 
34 3 18 2 
159 1 1 2 
28 239 76 136 
160 2 7 22 
23 46 90 20 
20 448 62 2 
54 15 56 3 
81 1 1 86 
42 82 13 14 
161 3 6 1 
5 156 77 443 
40 407 415 2 
60 4 2 968 
18 3 2 7 
162 1 1 1 
82 2 8 7 
54 184 1016 197 
163 1 1 375 
95 13 10 72 
30 110 103 19 
0 92 683 521 
24 217 693 2 
2 169 1442 1 
53 38 28 94 
2 53 11 25 
164 1 2 12 
23 27 3 725 
60 5 23 244 
10 35 45 3 
6 41 149 191 
0 121 24 1 
4 490 114 46 
4 446 226 322 
2 59 27 13 
17 825 988 36 
18 20 17 9 
74 4 9 810 
48 15 13 20 
22 198 65 44 
26 6 15 25 
46 6 5 12 
34 14 38 137 
165 1 1 439 
37 11 11 196 
34 5 7 577 
71 5 34 1 
23 54 13 29 
16 5 4 12 
38 373 1792 86 
1 61 81 496 
166 1 2 288 
16 15 4 19 
31 2 14 1 
38 490 295 20 
23 58 268 5 
19 15 14 3 
84 2 1 493 
71 1 1 15 
63 4 8 16 
20 586 274 1 
30 15 118 10 
56 1 4 46 
6 120 444 15 
36 228 61 13 
65 9 9 14 
30 108 295 413 
20 816 2063 54 
35 3 14 1 
39 274 872 14 
16 14 10 993 
46 427 81 574 
78 2 1 144 
167 3 2 17 
3 5 8 7 
53 9 1 26 
23 128 38 8 
12 21 162 31 
45 360 86 1 
38 260 118 11 
11 19 9 1 
92 1 1 1 
16 45 10 26 
2 96 17 1 
27 9 1 6 
43 609 332 761 
40 21 170 4 
22 80 169 257 
54 4 3 1 
46 26 20 56 
48 3 12 5 
59 3 1 2 
8 220 126 42 
39 82 80 886 
26 10 2 5 
27 3 1 5 
50 8 18 4 
9 8 8 8 
30 186 254 1 
23 29 91 4 
63 41 143 512 
33 15 53 1 
70 3 1 12 
48 311 55 149 
42 43 5 1 
19 9 9 992 
168 3 12 537 
26 40 8 19 
56 13 28 1 
28 257 448 1 
24 209 63 141 
37 7 5 402 
24 334 481 51 
6 128 392 3 
8 157 63 56 
20 879 198 80 
169 1 6 25 
58 39 10 5 
76 4 40 27 
23 50 27 15 
1 45 96 8 
20 38 142 1 
28 140 120 2 
38 231 1720 184 
170 15 80 50 
32 21 29 836 
32 9 2 203 
48 47 8 1 
28 41 338 3 
50 25 15 759 
54 7 2 20 
58 22 133 20 
55 744 299 16 
95 1 8 6 
18 17 137 99 
171 1 1 29 
99 3 14 386 
40 327 363 755 
3 9 12 34 
29 69 10 156 
1 64 42 6 
28 104 370 2 
43 85 385 1 
28 359 360 12 
3 15 5 25 
76 3 1 3 
83 1 5 68 
30 52 8 239 
172 1 3 1 
5 607 153 72 
55 368 113 87 
18 2 1 38 
56 19 72 767 
2 85 57 35 
23 75 35 646 
14 103 57 64 
39 55 237 1 
63 308 1613 785 
173 1 8 427 
68 4 1 1 
21 2 3 2 
35 7 21 23 
20 565 178 3 
46 43 332 67 
14 46 113 927 
174 1 1 99 
175 1 8 47 
35 3 1 83 
17 632 1598 20 
43 315 72 151 
45 205 129 30 
66 8 32 497 
93 1 1 53 
176 1 1 5 
56 3 23 8 
43 55 112 1 
26 16 11 60 
177 5 2 4 
0 169 81 379 
178 2 5 3 
55 595 627 3 
28 142 703 138 
44 21 23 70 
38 626 1143 2 
23 76 11 38 
24 462 398 868 
2 217 487 4 
60 8 1 15 
62 2 5 8 
179 4 35 221 
44 3 1 284 
54 21 60 9 
14 41 77 6 
16 11 82 403 
8 60 87 9 
39 129 425 7 
22 65 400 1 
180 2 1 82 
12 102 146 94 
34 6 1 9 
181 1 3 40 
0 148 505 9 
182 1 1 2 
10 15 12 12 
23 23 13 4 
42 18 44 5 
54 9 34 11 
72 4 1 89 
23 24 29 123 
46 4 21 1 
20 743 100 150 
91 2 1 215 
14 92 335 1 
26 33 10 11 
46 261 88 50 
45 22 63 21 
1 86 139 336 
36 577 924 8 
82 1 1 289 
183 1 5 28 
84 4 5 52 
73 1 4 22 
26 4 2 4 
44 12 1 23 
44 3 1 38 
41 63 43 568 
16 13 50 26 
67 6 14 770 
57 7 24 32 
30 89 160 282 
35 4 2 11 
16 11 34 446 
184 1 1 55 
12 256 193 28 
78 2 3 573 
16 13 19 3 
22 77 160 4 
33 1 12 110 
12 102 15 48 
54 8 62 1 
64 6 14 8 
5 220 1681 2 
24 119 391 1 
77 2 4 3 
36 269 150 34 
12 54 46 16 
61 10 51 1 
33 17 10 56 
42 178 33 132 
38 289 1812 36 
25 22 74 549 
40 177 61 174 
53 43 17 730 
40 314 1112 51 
185 2 19 574 
77 49 216 98 
186 1 11 4 
187 2 3 682 
16 13 6 393 
27 6 16 13 
31 1 1 820 
24 273 40 612 
188 1 3 57 
33 1 6 27 
2 49 90 65 
56 32 7 46 
33 7 16 41 
55 837 2432 15 
39 371 773 334 
21 9 2 2 
18 18 2 97 
10 15 26 235 
10 55 34 182 
39 413 153 103 
17 826 640 135 
48 3 1 4 
22 25 83 1 
97 2 1 531 
46 302 537 1 
40 640 606 317 
0 157 173 2 
39 214 29 110 
19 24 42 4 
12 88 20 890 
40 189 985 688 
75 550 1447 154 
8 135 30 15 
42 162 543 421 
28 220 133 256 
54 41 18 351 
45 248 326 14 
48 140 47 139 
34 4 12 1 
2 101 261 173 
10 5 1 5 
62 5 9 812 
1 161 300 20 
16 5 21 18 
17 769 186 47 
189 2 8 931 
24 183 26 5 
45 51 28 11 
21 4 1 86 
46 244 1291 229 
190 1 1 26 
52 37 166 34 
32 3 16 3 
191 1 1 145 
42 24 4 457 
35 1 1 734 
49 789 108 771 
192 2 1 123 
34 9 13 1 
17 81 531 2 
16 28 17 100 
38 212 1031 28 
0 50 72 4 
193 1 5 3 
43 894 183 475 
48 53 200 82 
58 21 23 334 
14 44 46 628 
34 1 1 51 
194 1 1 117 
97 1 4 336 
53 35 62 7 
69 6 1 138 
40 188 42 2 
45 36 165 25 
35 25 109 1 
31 1 1 999 
35 10 33 37 
1 125 41 1 
28 138 918 3 
30 117 28 70 
61 1 2 1 
55 55 244 35 
23 33 18 938 
45 411 84 1 
74 8 5 9 
25 8 5 545 
24 163 50 2 
39 155 232 14 
14 33 28 1 
195 1 1 453 
196 1 5 5 
88 1 1 23 
22 24 10 5 
60 10 17 764 
19 48 26 544 
58 389 61 889 
7 1 13 2 
54 4 12 1 
6 51 49 20 
58 327 1809 79 
55 480 302 10 
21 3 16 777 
33 9 20 508 
28 150 622 1 
35 9 32 3 
15 152 217 4 
48 34 32 2 
0 74 94 1 
41 27 5 565 
197 1 1 989 
30 44 284 39 
18 32 115 117 
40 548 815 595 
198 4 2 2 
10 7 8 369 
46 27 5 142 
42 83 391 663 
92 3 1 190 
24 416 1427 126 
24 73 57 510 
39 358 1108 153 
199 1 1 1 
42 34 111 1 
46 229 636 265 
46 187 327 9 
2 227 84 1 
65 11 12 9 
0 79 27 8 
64 7 23 527 
27 2 1 1 
25 108 15 188 
77 6 4 222 
48 336 587 4 
60 3 12 721 
200 2 5 445 
34 14 4 4 
201 2 1 911 
64 3 2 1 
4 332 465 9 
46 235 865 777 
202 1 7 273 
84 19 3 59 
69 801 186 4 
48 446 118 366 
93 4 8 2 
35 4 35 6 
33 14 10 650 
42 30 58 975 
203 1 3 354 
204 3 24 9 
205 1 1 561 
77 6 1 1 
35 17 17 33 
12 81 520 493 
21 1 1 1 
206 2 6 350 
35 12 14 24 
40 241 532 90 
78 25 66 14 
53 45 33 6 
207 1 1 26 
32 2 14 3 
24 180 314 165 
62 7 2 5 
208 2 3 325 
27 1 1 28 
60 8 34 605 
209 2 1 2 
42 19 20 14 
28 149 81 237 
12 151 385 240 
21 7 9 12 
37 15 85 98 
13 16 27 176 
210 1 2 51 
82 2 1 34 
1 64 149 25 
80 1 2 692 
16 25 103 25 
211 1 1 902 
77 2 1 1 
5 365 129 120 
53 22 65 367 
24 161 68 948 
61 18 41 8 
17 829 483 164 
24 144 253 188 
5 331 186 12 
18 6 44 195 
34 12 2 1 
2 121 138 5 
42 13 94 151 
14 101 29 981 
72 4 9 16 
6 113 43 6 
17 71 378 70 
28 56 265 786 
15 47 260 3 
39 92 19 125 
212 6 6 3 
37 34 82 2 
78 1 1 2 
39 205 655 242 
22 31 48 385 
2 230 212 347 
26 9 3 69 
6 90 197 4 
213 1 1 9 
26 21 20 2 
28 30 112 1 
29 48 14 670 
40 245 489 4 
55 42 12 57 
85 2 5 3 
52 1 5 5 
214 1 7 104 
20 60 21 7 
39 29 54 3 
40 441 3621 1 
4 67 115 6 
42 73 19 71 
2 49 290 3 
40 738 338 13 
52 8 5 108 
58 42 24 9 
42 8 1 5 
26 21 7 53 
18 42 257 3 
48 24 56 2 
28 175 127 25 
53 80 228 1 
8 47 15 1 
215 1 11 13 
35 10 7 44 
45 62 28 20 
21 1 6 29 
47 1 1 105 
66 14 2 2 
