nbLocalisations 4
nbRessources 4
nbMachines 12
nbProcessus 900
nbServices 891
*******Machines*******
1 13317 12995 30251 21278 9254 11587 19744 15612
0 14715 12549 31514 14071 11338 14101 28792 12700
2 12393 14403 27933 11195 10029 11090 23662 10453
3 18584 20129 18638 15588 11188 15473 16234 11518
0 8539 10915 19017 13727 8080 10283 16132 11250
3 8020 8772 13767 12457 7402 8341 10830 9463
3 9223 11692 24038 13614 8743 8436 19619 12088
2 13118 15598 30436 14298 12645 13275 23492 9883
1 11467 11503 16147 14862 8807 9078 16004 12105
2 8112 8239 19614 12959 6095 6103 14049 8636
0 9619 8438 16139 11651 7779 6125 10918 9051
1 10778 10370 17529 10046 9646 9779 14792 9832
*******Services*******
1
2
0
2
1
0
0
1
2
3
0
0
0
0
0
0
0
0
0
0
0
0
0
0
0
0
0
0
0
0
0
0
0
0
0
0
0
0
0
0
0
0
0
0
0
0
0
0
0
0
0
0
0
0
0
0
0
0
0
0
0
0
0
0
0
0
0
0
0
0
0
0
0
0
0
0
0
0
0
0
0
0
0
0
0
0
0
0
0
0
0
0
0
0
0
0
0
0
0
0
0
0
0
0
0
0
0
0
0
0
0
0
0
0
0
0
0
0
0
0
0
0
0
0
0
0
0
0
0
0
0
0
0
0
0
0
0
0
0
0
0
0
0
0
0
0
0
0
0
0
0
0
0
0
0
0
0
0
0
0
0
0
0
0
0
0
0
0
0
0
0
0
0
0
0
0
0
0
0
0
0
0
0
0
0
0
0
0
0
0
0
0
0
0
0
0
0
0
0
0
0
0
0
0
0
0
0
0
0
0
0
0
0
0
0
0
0
0
0
0
0
0
0
0
0
0
0
0
0
0
0
0
0
0
0
0
0
0
0
0
0
0
0
0
0
0
0
0
0
0
0
0
0
0
0
0
0
0
0
0
0
0
0
0
0
0
0
0
0
0
0
0
0
0
0
0
0
0
0
0
0
0
0
0
0
0
0
0
0
0
0
0
0
0
0
0
0
0
0
0
0
0
0
0
0
0
0
0
0
0
0
0
0
0
0
0
0
0
0
0
0
0
0
0
0
0
0
0
0
0
0
0
0
0
0
0
0
0
0
0
0
0
0
0
0
0
0
0
0
0
0
0
0
0
0
0
0
0
0
0
0
0
0
0
0
0
0
0
0
0
0
0
0
0
0
0
0
0
0
0
0
0
0
0
0
0
0
0
0
0
0
0
0
0
0
0
0
0
0
0
0
0
0
0
0
0
0
0
0
0
0
0
0
0
0
0
0
0
0
0
0
0
0
0
0
0
0
0
0
0
0
0
0
0
0
0
0
0
0
0
0
0
0
0
0
0
0
0
0
0
0
0
0
0
0
0
0
0
0
0
0
0
0
0
0
0
0
0
0
0
0
0
0
0
0
0
0
0
0
0
0
0
0
0
0
0
0
0
0
0
0
0
0
0
0
0
0
0
0
0
0
0
0
0
0
0
0
0
0
0
0
0
0
0
0
0
0
0
0
0
0
0
0
0
0
0
0
0
0
0
0
0
0
0
0
0
0
0
0
0
0
0
0
0
0
0
0
0
0
0
0
0
0
0
0
0
0
0
0
0
0
0
0
0
0
0
0
0
0
0
0
0
0
0
0
0
0
0
0
0
0
0
0
0
0
0
0
0
0
0
0
0
0
0
0
0
0
0
0
0
0
0
0
0
0
0
0
0
0
0
0
0
0
0
0
0
0
0
0
0
0
0
0
0
0
0
0
0
0
0
0
0
0
0
0
0
0
0
0
0
0
0
0
0
0
0
0
0
0
0
0
0
0
0
0
0
0
0
0
0
0
0
0
0
0
0
0
0
0
0
0
0
0
0
0
0
0
0
0
0
0
0
0
0
0
0
0
0
0
0
0
0
0
0
0
0
0
0
0
0
0
0
0
0
0
0
0
0
0
0
0
0
0
0
0
0
0
0
0
0
0
0
0
0
0
0
0
0
0
0
0
0
0
0
0
0
0
0
0
0
0
0
0
0
0
0
0
0
0
0
0
0
0
0
0
0
0
0
0
0
0
0
0
0
0
0
0
0
0
0
0
0
0
0
0
0
0
0
0
0
0
0
0
0
0
0
0
0
0
0
0
0
0
0
0
0
0
0
0
0
0
0
0
0
0
0
0
0
0
0
0
0
0
0
0
0
0
0
0
0
0
0
0
0
0
0
0
0
0
0
0
0
0
0
0
0
0
0
0
0
0
0
0
0
0
0
0
0
0
0
0
0
0
0
0
0
0
0
0
0
0
0
0
0
0
0
0
0
0
0
0
0
0
0
0
0
0
0
0
0
0
0
0
0
0
0
0
0
0
0
0
*******Processus*******
10 41 41 51 78
11 10 6 5 1
12 56 39 478 93
13 59 61 147 35
14 558 364 1347 87
15 1 1 10 32
16 21 13 20 14
17 0 2 1 26
18 134 93 151 2
19 11 6 39 1
20 1 0 1 22
21 1 1 5 385
22 35 66 170 257
23 11 8 24 5
24 3 1 0 25
25 40 26 16 488
0 0 3 1 23
26 226 456 138 595
27 291 332 488 2
6 38 25 261 5
28 546 339 92 4
29 102 111 765 0
30 6 5 9 1
31 83 102 55 18
32 14 15 35 88
33 17 10 8 32
34 2 2 15 600
35 210 243 608 13
36 4 3 0 29
37 49 29 198 250
38 22 26 165 111
39 6 9 39 1
40 3 1 11 126
41 0 1 4 480
42 61 44 37 6
43 39 21 24 2
44 24 19 122 1
45 9 8 1 475
46 671 551 5049 2
47 526 882 395 9
7 498 361 395 73
48 36 73 17 38
49 1 1 0 13
50 7 18 4 14
51 60 57 151 31
52 549 892 780 1
53 120 78 114 205
54 61 39 140 101
55 3 4 0 8
56 2 2 1 368
57 0 1 11 1
58 72 51 37 0
59 5 10 13 256
60 111 106 22 434
61 22 20 156 950
62 180 273 374 321
63 5 2 7 57
64 17 23 3 438
65 1 2 7 3
66 10 23 11 2
67 7 13 37 89
68 36 64 9 13
69 381 544 67 22
70 209 156 212 41
5 346 469 47 2
71 1 4 1 2
72 4 7 4 874
73 72 89 237 25
74 28 38 5 833
75 378 374 950 3
76 1 1 6 2
77 75 108 451 509
78 31 34 55 2
79 203 187 938 319
80 11 17 7 54
81 193 102 551 853
82 251 315 1803 25
83 9 9 2 26
5 383 324 2219 38
84 110 171 63 367
85 12 18 7 679
86 138 223 389 387
87 8 9 0 1
88 1 2 1 3
89 10 10 13 212
90 8 5 34 47
91 5 3 2 1
92 2 2 11 0
93 471 396 80 402
94 0 0 2 29
95 1 0 1 125
96 31 30 3 940
97 68 144 204 5
98 9 9 87 4
99 13 16 23 0
100 0 2 0 5
101 66 59 41 834
102 21 10 79 194
103 36 58 30 2
104 1 1 8 4
105 13 10 25 0
106 457 804 991 97
107 17 10 22 3
108 113 91 54 904
109 108 143 35 2
110 411 253 2323 521
111 325 389 92 375
112 274 429 52 601
113 366 204 167 17
114 1 0 3 456
115 607 957 3850 22
116 21 31 23 2
8 161 115 114 49
117 4 5 6 1
118 9 19 1 10
119 213 118 898 48
120 2 3 23 9
121 132 241 91 6
122 199 124 348 90
123 94 116 21 4
124 188 330 44 555
125 51 76 88 97
126 56 34 220 89
127 36 28 119 858
128 3 2 0 7
129 8 10 4 776
130 1 4 0 97
131 0 1 0 910
132 8 6 24 870
133 700 833 116 0
134 15 9 2 651
135 430 873 93 18
136 5 2 13 23
137 6 2 2 28
138 15 27 1 2
139 459 200 69 1
140 199 397 61 1
141 12 6 48 113
142 13 11 87 207
143 77 67 230 195
144 15 22 7 799
9 58 68 45 15
145 13 27 68 451
146 25 27 193 130
147 8 12 6 3
148 6 3 5 9
149 95 139 140 526
150 14 14 41 392
151 124 133 21 91
152 1 1 1 59
153 69 41 11 39
154 25 28 73 123
155 1 0 1 17
156 11 14 4 128
157 3 3 0 840
158 447 530 927 1
159 57 34 16 747
160 248 185 41 399
161 24 15 9 315
162 40 64 53 41
163 7 8 10 0
164 1 4 18 721
165 2 1 0 355
166 84 113 43 1
167 133 172 105 53
168 33 18 11 21
169 2 3 8 0
170 252 237 191 49
171 3 4 5 19
172 55 45 158 413
173 0 0 8 108
174 28 56 20 571
175 105 98 72 3
176 520 624 1389 813
177 567 960 310 376
178 4 6 10 24
179 2 3 1 1
180 15 13 16 26
181 290 300 1238 1
182 1 0 3 140
183 1 0 1 42
184 5 2 5 459
185 0 0 0 20
186 119 70 143 1050
187 86 135 189 1
188 532 549 327 38
189 295 227 1039 0
190 30 17 35 1
191 121 157 164 15
192 734 1167 2703 8
193 3 2 1 327
194 1 2 11 902
195 6 5 7 7
196 312 217 849 864
197 11 5 1 11
198 17 21 59 31
199 192 195 35 5
200 444 588 269 116
201 3 8 2 4
202 209 172 1228 481
203 88 88 661 18
204 65 55 74 10
205 59 86 126 8
206 0 0 1 14
207 35 35 43 2
208 8 10 11 4
209 12 27 85 227
210 238 304 502 343
211 62 43 287 5
212 162 255 53 0
213 22 43 14 49
214 113 120 76 854
215 1 1 2 591
216 520 298 324 3
217 4 5 4 12
218 13 12 84 24
3 166 190 26 136
219 64 68 9 2
220 501 449 1415 24
221 3 1 8 1
222 769 742 517 2
223 6 15 24 58
224 337 295 816 23
225 416 212 264 187
226 2 0 7 894
227 0 1 1 0
228 408 402 357 38
229 7 5 59 124
230 28 17 16 1
231 0 2 2 0
232 0 2 1 4
233 122 154 951 360
3 180 267 66 17
234 3 3 26 143
235 20 22 9 350
236 4 9 3 389
237 103 101 115 554
238 5 8 0 7
239 20 14 12 8
240 0 0 6 33
241 0 2 8 4
242 1 0 5 1
243 644 890 81 6
244 1 2 1 7
245 424 367 1106 0
246 102 55 159 498
247 2 2 11 1
248 5 8 27 11
249 13 17 0 82
250 53 60 237 6
251 27 15 5 266
252 9 8 19 4
253 15 26 3 115
254 6 13 25 23
255 825 638 259 20
256 2 2 15 161
257 23 15 77 468
258 21 21 6 30
259 23 43 9 820
260 26 25 81 45
261 9 9 6 0
262 1 0 1 10
263 301 269 104 187
264 35 26 103 36
265 79 98 39 37
266 1 0 1 25
267 676 593 1338 8
268 8 8 20 116
269 791 823 1820 1
270 56 48 352 6
271 21 27 23 301
272 22 21 37 4
273 0 0 1 16
274 0 0 0 40
275 13 10 3 142
276 6 4 1 0
277 64 103 87 137
8 181 305 30 0
278 123 158 40 21
279 45 34 40 327
280 17 17 33 274
281 2 3 0 229
282 5 8 3 4
283 5 4 0 2
284 2 4 7 96
285 3 2 1 734
286 129 68 791 38
287 100 107 677 103
288 588 515 153 892
289 3 3 20 1010
290 26 56 9 19
291 31 26 82 535
292 22 48 209 799
293 760 366 644 0
294 14 9 9 1
295 5 11 40 215
296 28 25 9 74
297 0 0 7 1021
298 110 198 283 294
299 176 247 32 1
300 4 2 24 31
301 110 73 108 1
302 57 90 415 1
303 211 401 285 54
304 9 7 40 234
305 2 2 0 183
306 108 134 293 25
307 1 2 8 26
308 23 11 33 29
309 13 22 18 20
310 15 15 11 11
311 14 20 87 4
312 47 24 14 224
313 2 2 26 3
314 395 438 69 277
315 1 2 16 8
316 130 249 21 19
317 0 0 1 17
318 35 59 82 14
319 1 0 1 80
320 156 128 85 279
321 2 2 3 227
322 1 0 3 241
323 33 27 5 16
324 3 1 18 6
325 113 56 48 15
326 50 30 406 1
327 1 3 4 752
328 429 570 359 3
329 1 2 1 412
330 93 67 544 4
331 32 49 207 20
332 19 20 3 102
333 589 507 2409 38
334 12 11 8 931
335 6 9 1 15
336 15 25 3 78
337 621 601 1295 396
338 1 1 11 1
339 40 48 34 476
340 150 308 70 9
341 151 177 97 69
342 1 0 6 1
343 136 67 175 97
344 52 71 91 221
345 670 458 2123 5
346 10 6 1 63
347 38 54 27 19
348 5 3 17 6
7 380 228 203 835
349 139 289 689 869
350 32 36 30 284
351 137 168 57 587
352 43 38 63 25
353 0 0 1 110
354 1 0 8 24
355 252 130 65 311
356 131 247 106 859
357 1 2 2 13
358 8 9 42 80
359 458 649 305 20
360 318 261 143 446
361 163 183 35 37
362 0 2 1 21
363 16 13 19 0
364 20 10 1 45
365 1 1 1 1
366 24 31 67 261
367 4 5 6 362
368 1 0 0 620
369 8 13 3 87
370 1 0 0 71
371 2 2 1 3
372 736 1369 280 13
373 1 1 1 2
374 24 16 27 676
375 138 101 48 4
376 648 427 390 7
377 6 6 1 163
378 114 88 388 277
379 74 36 462 683
3 150 130 230 49
380 201 136 164 456
381 10 13 65 2
382 7 3 12 2
383 4 9 27 34
384 24 13 7 5
385 6 11 35 819
386 19 25 15 43
387 13 13 11 7
388 39 23 133 0
389 3 7 0 138
390 143 190 426 11
391 25 18 6 6
392 10 6 4 288
393 85 143 28 56
394 19 41 13 155
395 2 3 13 1
396 137 85 30 1
397 3 3 12 455
398 1 1 11 0
399 39 41 9 432
400 14 22 5 68
401 44 40 53 17
402 69 122 44 11
403 146 221 32 259
404 0 0 0 94
405 774 1019 385 0
406 342 335 153 590
407 0 1 1 40
408 196 140 154 11
409 22 45 15 59
410 5 3 50 4
411 435 689 203 482
412 29 38 12 0
413 24 19 13 8
414 3 2 9 15
415 498 887 168 506
416 251 281 335 1
417 14 22 1 34
418 1 0 5 45
419 76 100 45 4
420 56 80 235 45
421 2 2 0 465
422 4 8 3 0
423 10 13 6 5
424 1 2 12 155
425 370 307 959 154
426 26 15 15 3
427 4 3 2 220
428 13 13 39 28
429 504 634 328 0
430 0 2 0 56
431 0 1 6 1
432 10 11 11 0
433 8 4 2 4
434 16 11 50 23
435 1 1 1 1027
436 709 847 370 3
437 33 41 23 3
438 121 65 36 50
439 0 0 5 1
440 0 1 1 261
441 2 3 1 1
442 1 0 0 2
443 43 36 62 2
444 196 149 148 691
445 73 78 72 309
446 3 4 22 25
447 52 47 57 9
448 1 2 10 19
449 0 1 0 764
450 265 171 48 118
451 77 103 34 36
452 80 54 20 30
453 65 96 26 0
454 268 476 998 2
455 2 0 1 3
456 80 44 74 14
457 473 680 88 19
458 369 463 276 1
459 36 18 18 5
460 655 741 505 173
461 27 25 14 147
462 307 180 82 22
463 1 2 1 295
464 509 734 761 74
5 312 338 104 27
465 2 5 7 86
466 202 190 1545 0
467 16 19 2 146
468 8 6 37 2
469 61 105 61 54
470 199 130 29 180
471 178 216 291 43
472 8 9 10 566
473 30 26 42 1
474 20 42 79 118
475 3 5 9 243
476 0 0 4 0
477 0 0 4 0
478 5 2 32 7
479 1 2 1 532
480 24 22 155 1
481 11 7 6 0
482 1 1 0 3
483 6 4 23 0
1 335 486 177 658
484 4 3 6 0
485 185 299 711 218
486 1 1 1 1
487 7 3 11 118
488 333 158 1767 150
489 5 3 6 41
490 20 30 6 3
491 17 31 28 326
492 173 208 51 90
493 2 1 1 16
494 55 102 75 11
495 79 75 462 37
496 308 446 2346 0
497 186 320 165 98
498 645 680 1858 208
499 502 302 152 26
500 34 38 22 21
501 270 464 61 0
502 22 12 16 15
503 418 595 173 0
504 70 41 12 3
505 71 118 27 191
506 5 6 31 2
507 25 30 24 700
508 198 182 603 0
509 191 261 518 138
510 12 14 3 9
511 77 59 20 459
512 620 587 122 4
513 2 6 9 32
514 6 8 8 16
515 113 236 783 553
516 0 1 1 13
517 111 237 128 1
518 1 2 1 1062
519 564 1302 4686 27
520 509 602 987 1
521 14 19 22 48
522 708 596 459 16
523 311 236 146 9
524 5 8 0 25
525 370 199 114 1031
526 0 1 3 123
527 17 19 11 4
528 106 231 95 2
529 26 24 16 25
530 1 1 0 3
531 438 921 659 7
532 20 28 16 353
533 6 3 8 2
534 0 1 0 580
535 65 119 67 91
536 15 9 137 301
537 5 8 0 12
538 168 310 56 582
539 382 673 443 35
540 271 137 2026 225
541 14 7 10 753
542 38 40 134 116
543 18 28 49 2
544 386 250 133 9
545 0 0 0 2
546 919 1104 131 143
547 202 222 956 0
548 3 1 8 71
549 407 325 1843 7
550 47 26 120 11
551 4 8 16 47
552 2 0 8 98
553 36 50 86 1
554 232 128 86 2
555 25 29 5 463
556 26 40 188 0
557 298 502 64 589
558 6 13 6 13
559 573 755 1432 260
560 69 67 22 547
561 6 7 19 37
562 0 1 8 0
563 77 74 38 104
564 56 65 368 0
565 48 34 36 3
566 273 326 151 1
567 2 0 3 3
568 58 89 10 79
569 2 0 0 3
570 10 8 70 12
571 429 228 278 376
572 56 96 241 300
6 96 88 27 1
573 20 15 146 60
574 9 4 54 1
575 29 60 219 104
576 0 1 5 8
577 10 12 14 0
578 618 387 651 202
579 6 10 2 598
580 188 181 69 27
581 10 7 4 0
582 1 0 2 1
583 3 2 3 220
584 187 178 42 57
585 5 3 1 30
586 21 13 32 4
587 232 116 265 14
588 0 0 6 6
589 4 7 35 19
8 176 261 102 1
590 153 257 601 76
591 783 1180 543 0
592 106 60 272 29
593 96 75 47 301
594 138 143 556 121
595 8 10 6 203
596 56 71 182 651
597 532 930 538 14
598 331 680 2107 484
599 3 4 1 252
600 1 1 2 54
601 2 3 4 82
602 22 14 58 1
8 131 147 491 61
603 503 311 757 500
604 288 487 849 3
605 708 437 272 24
606 73 87 105 62
607 1 1 1 11
608 34 71 67 339
609 178 296 29 2
610 572 429 401 1
611 6 6 6 21
612 9 10 29 14
613 175 204 51 1
614 65 42 12 45
615 11 18 3 416
616 45 29 118 123
617 4 3 0 6
618 69 93 82 28
619 136 81 59 27
620 568 275 1412 146
621 6 11 0 14
622 36 66 13 33
623 179 265 86 1
624 0 0 4 56
625 217 275 749 4
626 96 56 14 14
627 21 11 24 62
628 3 1 4 35
629 62 121 75 350
630 2 4 0 1
631 20 9 10 40
632 73 156 208 8
633 462 684 86 100
634 33 64 70 1
635 1 0 4 185
636 710 1267 1963 42
637 67 115 21 4
638 332 207 3149 6
639 9 12 20 252
640 58 81 10 47
641 6 13 2 60
642 35 33 83 197
643 636 1057 223 1
644 16 13 5 813
645 2 2 4 12
646 453 621 2334 2
647 22 20 13 18
648 1 1 2 3
649 45 22 74 2
650 520 872 387 1
651 615 1037 332 40
652 1 1 3 50
653 142 117 34 29
654 8 11 5 473
655 28 31 15 200
656 20 32 134 3
657 14 14 107 0
658 815 1023 467 2
659 10 21 13 1
660 2 2 6 34
661 9 7 8 8
4 6 4 56 5
662 41 54 6 110
663 26 21 204 7
664 365 527 1237 6
665 35 17 36 2
666 2 1 2 14
667 41 89 12 331
668 506 481 173 0
669 3 5 7 0
670 93 138 142 42
671 0 0 3 375
672 50 89 16 55
673 4 7 4 451
674 19 42 26 425
675 0 1 3 2
676 16 10 40 1
677 47 37 7 15
678 28 36 196 217
679 20 19 200 3
680 52 68 52 102
681 116 57 120 1031
682 1 1 4 3
683 4 3 6 66
684 7 4 54 764
685 71 38 127 10
686 152 91 1057 3
687 155 241 32 899
688 345 498 361 172
689 227 305 197 0
690 3 6 0 1
691 268 347 83 600
692 0 3 0 114
693 1 1 0 68
694 55 60 397 9
695 120 144 21 377
696 9 7 48 580
697 4 3 12 614
698 0 0 0 1
699 693 363 4918 8
700 586 388 139 0
701 12 6 22 225
702 8 7 3 159
703 7 8 4 2
704 268 231 168 1
705 114 113 985 922
706 1 1 1 4
707 1 2 2 166
708 13 11 20 29
709 66 66 152 77
710 48 29 420 439
711 0 1 1 66
712 17 20 6 0
713 151 140 22 30
2 33 44 24 50
714 0 1 4 11
715 1 2 7 3
716 2 4 6 93
717 6 4 6 351
718 1 0 7 17
719 16 11 3 1
720 8 11 31 5
721 359 238 136 1
722 222 276 396 30
723 14 7 136 326
724 43 26 49 990
725 0 0 1 236
726 50 42 40 1
727 148 202 95 862
728 83 168 17 96
729 332 445 2165 113
730 166 86 112 187
731 667 892 705 668
732 20 30 17 1
733 9 16 0 2
734 205 121 121 0
735 0 0 2 1
736 0 0 1 35
737 8 6 0 1
738 650 1320 311 4
739 113 68 23 984
740 307 216 1275 3
741 194 332 707 4
742 73 130 383 1
743 19 16 7 5
744 666 835 1274 12
745 657 1042 870 4
746 817 469 1082 116
747 258 349 249 6
748 442 652 646 1
749 1 1 0 205
750 60 67 40 268
751 970 994 428 1
752 0 1 0 37
753 14 11 2 79
754 42 25 253 98
755 25 47 30 5
756 17 15 2 1
757 13 17 6 789
758 23 16 73 14
759 679 902 3841 2
760 22 24 10 21
761 25 47 103 4
762 27 51 92 157
763 6 6 16 111
764 87 54 273 55
765 689 425 5626 899
766 27 42 22 3
9 80 134 11 5
767 6 4 7 24
768 12 9 3 16
769 58 104 313 104
770 1 1 1 75
771 3 5 3 2
772 24 15 132 2
773 2 1 11 39
774 135 253 414 20
775 1 0 1 0
776 23 20 73 195
777 831 1237 4693 398
778 0 1 1 0
779 3 5 2 605
780 0 1 0 8
781 4 1 4 144
782 480 589 195 1
783 4 3 1 396
784 129 68 366 86
785 1 1 7 1
786 114 116 704 68
787 7 9 2 84
788 26 36 142 50
789 10 4 59 3
790 11 8 102 10
791 15 17 4 327
792 103 81 460 190
793 3 4 0 15
794 25 17 30 2
795 11 20 26 7
796 725 1198 1754 15
797 3 6 2 575
798 4 1 7 186
799 24 19 109 1
800 888 718 4938 8
801 0 1 2 326
802 680 547 164 295
803 5 5 9 17
804 278 466 1839 41
4 2 1 0 1
805 3 6 18 2
806 639 672 4331 6
807 1 1 5 459
808 29 49 168 43
809 203 133 102 1
810 27 21 13 203
811 97 86 180 273
812 166 96 21 121
813 203 194 117 107
814 3 6 0 20
815 1 0 0 96
816 120 75 25 88
1 281 183 137 205
817 7 10 15 3
818 311 359 520 852
819 809 452 139 58
820 19 16 5 6
821 1 3 5 0
822 1 0 0 1
823 33 42 8 1
824 10 8 8 36
825 79 123 268 0
826 0 0 4 4
827 4 2 1 294
828 2 1 0 1
829 30 17 15 17
830 29 21 20 36
2 61 118 529 9
6 68 75 169 4
831 159 104 76 452
832 289 325 188 83
833 1 0 1 2
834 8 16 5 5
835 31 43 117 374
836 0 1 1 40
837 30 28 48 7
838 33 22 5 33
839 143 168 86 710
840 5 11 0 507
841 523 869 552 410
842 164 186 70 3
843 493 416 289 10
844 5 2 9 21
845 240 195 1217 60
846 63 58 7 357
847 11 19 1 4
848 30 17 150 4
849 63 48 68 389
850 28 52 17 784
851 91 154 26 9
852 170 125 1261 80
853 23 38 40 932
854 311 317 2805 8
855 303 159 158 422
856 0 1 0 303
857 321 251 193 2
858 1 2 1 1
859 28 14 142 6
860 1 1 10 124
861 15 34 2 60
862 1 1 9 95
863 35 28 6 105
864 49 35 9 35
865 0 0 1 228
866 188 339 420 4
867 2 2 11 300
868 264 185 1816 3
869 82 106 62 98
870 145 92 61 3
871 53 29 385 27
872 18 17 3 0
873 7 4 16 231
874 3 1 4 2
875 183 214 131 2
876 5 7 56 9
877 156 88 876 80
878 147 95 108 19
879 5 4 2 312
880 190 103 1064 0
881 40 28 28 284
882 28 30 4 59
883 120 89 58 0
884 1 2 0 8
885 48 55 9 10
