nbLocalisations 50
nbRessources 3
nbMachines 50
nbProcessus 1000
nbServices 142
*******Machines*******
18 686 638 847 558 585 649
31 1057 1329 1532 781 1106 1324
20 3385 3321 2734 3271 2162 2291
17 3262 3217 11791 3069 3203 11438
7 2471 2539 6865 1650 2054 5767
41 1644 2196 4403 1574 1566 3524
14 6285 7923 17161 5422 7084 16336
21 3470 3633 6387 3161 2736 5455
34 2221 3200 3910 1683 2194 2445
26 2853 2880 2590 2210 2389 2271
27 1316 1225 2463 1206 1186 2177
40 2840 2971 6193 2594 2433 4719
5 4952 3286 4494 3756 3020 3949
1 2499 3096 3152 2120 2657 2533
36 3253 3740 9264 2846 2366 7619
0 3415 2705 4448 2884 2046 3207
13 4431 4178 9943 3530 3292 7652
19 1212 1301 1658 1072 1279 1362
42 5667 6186 18519 4084 4373 14977
12 2862 3753 7652 2165 3941 5371
2 4362 6265 12295 3166 5437 10172
10 2487 2207 6727 2202 1776 5025
25 6767 6146 16014 4484 5761 12392
6 3326 4389 9813 3175 3278 7877
8 2530 4203 5134 2247 3692 4549
9 3865 4117 5610 3681 3182 5526
16 2769 3740 10784 2251 2907 7119
11 2062 2328 1576 1455 2096 1445
44 3089 2782 4777 2427 2468 3457
38 1877 1267 6122 1743 1259 5017
28 2637 3197 2842 1822 2216 2534
37 2587 2928 5603 1958 2931 4514
23 5057 5402 7788 4613 4049 6347
24 4360 5269 8334 3868 4964 6378
32 2966 4189 6872 2910 3388 6783
45 3854 3418 6227 3393 2601 5043
4 3192 3649 7166 2253 3039 4953
15 1715 2421 4153 1537 1628 3289
29 6006 7745 9536 4547 6222 10453
35 2249 2131 3548 2067 1886 2746
30 1741 2544 4578 1370 2021 4183
33 3487 3021 5317 2327 2522 4345
47 3030 2701 2135 2390 2118 1580
22 2518 3691 3716 2659 2870 2761
3 1335 1645 3351 1089 1188 2105
46 3456 4167 13004 2672 3770 14203
48 3394 4602 10086 2266 3599 7585
39 6463 8125 14833 5660 7376 13309
49 3646 3109 5288 2925 3137 3667
43 2257 3274 6545 2062 2490 5356
*******Services*******
10
15
37
1
22
4
27
16
4
9
2
25
3
14
36
1
4
0
24
1
9
24
5
8
2
7
6
17
8
1
7
3
5
0
0
2
1
10
1
2
3
2
0
3
0
2
2
2
1
0
0
1
1
0
1
1
3
2
0
7
0
1
0
1
0
1
2
0
3
0
0
1
0
4
1
1
0
0
2
0
1
1
1
1
0
0
1
0
0
1
0
0
1
0
1
0
0
0
2
0
0
0
0
0
0
0
0
0
0
0
0
0
0
0
0
0
0
0
0
0
0
0
0
0
0
0
0
0
0
0
0
0
0
0
0
0
0
0
0
0
0
0
*******Processus*******
21 36 72 194
8 32 22 44
17 5 3 17
59 24 15 55
8 6 3 45
17 418 776 904
2 155 133 44
30 4 9 4
27 396 319 1299
81 2 1 1
11 47 27 214
4 460 802 73
18 55 69 314
20 1 1 10
12 84 49 263
13 21 12 12
36 0 0 1
100 1 1 0
101 1 1 7
8 42 30 76
6 5 4 1
8 224 441 255
15 108 89 39
0 75 65 224
18 501 292 69
22 4 6 20
13 8 10 1
7 31 38 32
53 2 1 8
5 31 42 265
9 158 178 53
61 0 0 0
14 292 150 518
21 7 5 8
20 5 9 1
0 73 97 255
9 20 11 93
65 5 6 7
91 1 1 0
92 19 16 102
17 5 10 41
59 13 6 1
31 0 0 0
7 118 99 738
97 2 1 0
22 13 10 98
32 1 2 1
18 397 489 73
8 60 56 222
14 318 380 47
23 8 16 42
14 69 97 14
37 0 1 7
25 1 1 1
6 65 56 355
17 543 518 143
8 187 272 1119
27 6 5 11
16 250 267 1159
102 4 9 4
6 6 5 7
34 5 6 10
1 15 20 6
7 123 155 111
0 577 403 582
0 71 105 420
70 7 7 2
17 21 23 83
12 10 13 6
37 8 14 33
5 9 6 21
6 11 8 12
21 154 100 75
7 388 251 86
103 3 4 1
24 7 11 11
95 1 1 0
41 3 5 0
24 36 77 249
87 5 4 50
12 71 84 75
11 51 73 154
41 2 0 12
14 132 130 24
12 7 4 3
14 86 91 16
96 4 3 0
6 1 1 16
6 11 17 25
7 453 356 646
13 67 40 46
14 219 172 454
21 252 156 57
11 600 1210 266
13 90 90 127
14 9 18 21
0 673 550 243
16 225 429 42
74 1 0 3
20 18 16 62
2 146 127 860
21 25 52 12
13 49 81 331
28 1 0 7
67 5 5 0
21 0 0 1
0 49 38 237
22 14 21 3
17 20 19 5
23 4 5 7
1 147 111 464
30 86 107 132
5 3 2 22
2 67 84 107
2 63 115 36
12 74 96 217
39 4 8 1
6 20 17 7
1 166 309 185
41 0 2 6
34 8 11 3
7 355 527 2173
11 279 274 45
15 29 39 62
35 0 1 0
25 2 4 0
16 840 813 6495
6 50 38 49
6 26 21 25
13 49 35 8
66 0 0 0
1 188 180 54
12 45 22 350
92 4 4 5
62 1 0 0
9 72 72 8
18 98 57 380
18 119 149 466
39 1 0 10
14 218 118 79
104 5 9 0
9 87 163 136
84 4 1 15
13 5 9 35
57 0 1 2
10 3 6 7
3 504 324 157
2 103 104 29
6 47 49 28
1 105 189 755
32 1 0 1
18 432 511 2098
21 16 21 12
98 5 5 18
0 906 693 2488
13 25 35 180
9 75 50 287
49 3 1 24
5 23 39 24
7 237 483 344
40 20 37 11
4 893 1406 2998
2 234 253 64
9 171 342 417
64 3 2 3
6 17 13 10
39 5 2 17
78 1 1 2
39 3 4 2
1 78 80 15
14 7 3 2
1 122 199 204
18 349 207 2008
0 706 1031 1996
11 385 262 208
2 18 9 12
17 168 265 27
8 102 50 203
6 54 43 114
27 1 0 0
17 333 583 222
32 9 9 14
34 532 801 356
7 674 859 140
105 0 1 8
29 4 5 1
6 83 127 12
7 137 67 756
18 46 94 6
12 92 62 20
59 2 1 7
67 0 1 0
18 19 22 4
13 207 146 406
17 18 13 65
106 1 1 2
64 1 0 5
21 731 1257 4892
17 18 18 4
42 0 1 5
11 359 654 784
20 3 3 0
7 209 159 242
30 13 12 74
20 13 15 9
23 20 11 2
14 14 10 44
16 439 367 1128
14 534 950 109
2 196 269 49
30 0 0 8
25 4 3 0
107 6 3 0
108 2 4 4
30 53 36 155
32 27 38 18
73 2 4 16
99 0 0 0
37 7 13 1
8 20 19 48
19 0 1 5
6 17 16 16
5 12 13 38
2 166 147 1033
24 4 8 1
52 5 7 1
69 2 2 10
39 21 10 20
7 391 575 415
1 204 365 869
28 2 3 1
16 873 837 180
11 811 1089 382
9 85 106 119
38 0 0 1
15 1 0 1
17 46 56 29
28 0 1 2
21 381 258 1220
29 10 8 34
4 656 399 269
109 5 9 2
79 4 1 0
19 1 0 1
54 6 13 3
50 1 1 0
14 454 574 138
9 98 83 197
7 164 314 111
59 6 5 1
12 32 18 77
15 1 1 3
8 43 48 246
110 2 1 1
63 1 0 1
5 20 12 6
111 0 0 4
32 3 2 7
78 1 1 4
12 27 25 27
26 1 0 11
26 7 4 28
27 9 6 44
66 1 3 1
9 135 216 26
90 10 19 3
17 278 432 311
18 122 108 493
12 13 10 3
88 1 0 4
17 82 41 445
27 0 1 1
16 383 802 3835
18 405 242 606
80 0 1 0
34 1 0 1
30 0 0 0
14 85 160 507
0 725 573 3072
6 44 38 127
28 0 0 0
16 267 163 148
45 3 3 0
15 53 41 19
92 8 14 63
112 1 0 4
40 9 5 18
6 7 14 21
9 213 128 1439
16 527 327 76
113 1 0 0
30 19 8 17
39 36 50 107
14 322 506 79
4 344 201 84
14 118 210 37
6 0 2 8
12 46 38 9
4 228 132 44
6 23 36 97
12 8 13 37
114 0 1 3
9 29 24 16
37 5 9 33
11 217 147 30
15 18 18 16
7 346 353 532
18 700 971 1409
5 5 2 5
13 15 11 48
17 517 719 92
5 17 14 87
0 562 443 2170
45 1 0 0
7 521 799 2744
28 1 0 2
35 4 4 0
27 13 8 78
56 9 18 33
51 1 0 5
7 318 373 1443
15 2 3 2
83 14 20 23
14 46 83 14
115 0 1 1
9 16 26 10
5 29 26 47
13 12 27 3
8 30 59 52
22 1 3 0
116 2 1 13
7 258 187 368
31 2 0 1
13 95 147 32
0 573 807 137
12 5 10 7
16 59 105 118
7 479 822 3429
37 6 3 33
3 121 209 265
4 564 409 185
47 6 3 5
60 1 1 1
117 0 0 7
2 145 164 273
17 10 7 13
4 495 654 75
14 139 159 57
15 0 1 4
35 1 1 1
77 82 133 10
118 1 0 3
8 5 2 7
18 325 207 61
6 25 15 4
27 5 10 10
21 605 556 190
17 10 9 7
12 6 6 21
46 1 1 0
23 1 1 1
55 1 0 14
18 132 208 186
30 1 0 1
32 14 21 5
6 32 22 8
6 48 70 17
73 3 4 21
55 0 2 1
16 287 381 617
65 2 4 0
119 1 0 1
73 29 36 4
21 16 18 50
69 2 5 0
17 95 139 100
9 14 8 10
46 1 2 1
21 68 116 24
11 257 130 46
2 232 150 122
16 178 173 561
14 146 237 203
0 44 32 331
2 59 44 187
11 290 444 612
0 849 705 156
28 27 54 4
6 19 24 2
9 56 53 10
14 24 21 1068
23 59 49 392
12 6 12 28
0 435 339 225
34 0 0 1
16 206 148 93
12 11 8 4
6 32 29 7
8 18 19 4
31 0 0 1
17 55 106 104
61 1 0 2
71 0 1 1
45 7 5 49
16 603 449 146
32 10 11 3
9 145 80 23
11 202 323 337
10 9 5 5
7 84 54 408
7 35 67 37
12 34 20 15
0 519 426 450
42 6 13 19
7 151 101 36
51 3 7 2
99 0 1 0
97 0 0 9
83 2 2 2
21 5 2 29
16 56 99 239
77 0 0 1
14 17 31 11
68 2 4 3
31 5 6 1
24 3 5 0
11 134 307 228
120 0 1 0
13 13 13 28
17 145 160 1247
13 19 30 4
4 564 1097 3102
4 762 511 1945
4 65 45 301
4 70 107 276
90 1 0 7
18 68 58 269
20 32 29 97
26 50 22 6
18 44 41 37
72 1 3 1
24 0 0 0
11 440 328 307
94 0 1 1
7 106 82 167
2 236 119 1097
7 520 277 2177
14 22 16 3
25 18 19 4
21 56 72 9
15 218 173 45
7 132 87 157
8 91 69 37
53 2 0 3
30 1 2 6
12 111 69 34
71 0 1 1
17 154 141 30
121 1 0 0
0 78 53 242
4 71 125 17
6 3 4 8
2 181 105 884
12 1 1 1
40 5 5 2
13 77 82 567
17 116 173 64
0 446 811 793
49 6 13 3
122 0 0 1
123 0 1 1
6 5 5 1
21 13 27 4
13 78 83 232
50 1 1 1
4 46 70 129
12 42 62 14
32 3 2 1
27 9 11 25
20 12 9 36
14 176 143 1367
16 216 207 32
13 14 10 10
22 41 51 72
19 1 2 7
20 1 0 0
13 7 13 7
29 632 328 237
7 60 57 124
59 0 1 1
24 8 9 5
124 0 0 1
26 1 0 3
6 8 10 9
78 3 5 9
35 1 1 1
7 22 28 27
3 43 65 324
11 417 499 78
80 1 0 2
14 11 21 3
21 97 50 26
50 1 1 0
18 149 139 59
125 2 2 0
25 373 264 690
43 10 16 2
7 139 276 960
84 0 1 2
27 3 4 1
0 54 29 131
13 38 31 110
89 2 1 1
12 38 44 36
18 216 129 365
17 394 386 76
8 42 35 121
7 378 333 93
25 11 23 5
47 5 10 9
6 8 7 75
11 52 78 111
17 229 349 53
4 474 308 809
86 19 12 17
37 10 19 23
29 139 147 560
23 7 5 9
59 0 1 1
4 85 122 172
8 13 12 86
13 1 1 10
99 0 2 16
30 3 6 1
14 54 49 43
82 1 2 6
2 152 162 386
45 1 2 1
17 91 68 27
2 164 178 111
5 14 28 2
14 327 495 235
0 73 90 442
68 4 1 0
56 1 2 6
14 60 45 20
1 401 525 255
13 92 189 131
2 30 33 159
92 18 11 147
126 24 47 12
59 0 3 3
9 24 15 177
0 596 436 297
127 1 0 0
5 8 16 41
0 606 446 130
20 12 18 2
21 83 53 101
1 155 213 75
0 840 736 135
17 23 47 64
28 2 4 19
20 37 20 7
12 35 41 4
2 218 352 90
4 75 43 167
30 14 10 11
128 1 3 4
2 56 60 107
37 36 42 20
12 14 23 3
49 1 0 0
12 31 46 12
14 2 3 9
6 12 14 24
14 464 868 257
18 100 69 463
5 1 0 3
22 67 119 463
20 7 3 18
56 0 1 5
8 61 87 150
8 15 25 2
129 1 0 3
0 86 65 367
4 47 37 267
6 60 75 141
69 0 1 0
27 7 4 1
130 1 0 0
14 164 168 22
6 24 30 10
6 16 15 5
37 2 3 1
6 3 3 1
6 143 173 152
17 248 176 110
25 0 1 3
27 0 1 0
8 14 25 5
11 78 93 411
53 15 16 9
9 16 17 3
4 78 55 116
16 82 78 498
51 2 3 0
5 2 5 2
26 35 25 96
6 10 19 2
58 12 8 20
1 301 430 396
51 2 1 1
87 7 7 11
0 694 1248 354
14 219 109 53
0 67 69 458
43 1 1 14
6 20 31 84
52 1 0 2
18 452 308 407
10 28 44 26
28 4 8 5
12 10 6 35
8 10 8 28
26 4 5 2
18 202 212 492
1 321 274 618
6 18 15 84
96 1 2 3
131 14 20 41
27 10 5 11
13 10 6 102
86 3 2 1
37 1 1 1
8 159 198 19
48 2 2 9
28 2 3 21
18 636 618 169
17 85 84 67
1 67 93 48
17 100 51 177
11 795 437 173
0 197 149 52
16 211 151 65
12 85 160 13
39 0 1 0
12 17 12 114
4 53 39 162
74 1 1 3
7 99 103 276
23 12 29 5
8 9 15 9
13 63 71 157
47 1 1 1
18 358 229 283
17 13 10 5
20 30 18 38
0 511 769 381
13 67 56 46
51 2 1 16
7 408 689 224
72 3 3 5
0 76 99 307
25 6 6 0
11 656 1190 530
48 9 20 38
42 28 53 58
12 4 2 24
6 47 40 29
2 165 90 724
3 285 333 173
13 184 208 386
12 15 16 7
96 0 1 0
47 9 13 4
13 67 71 11
21 49 33 306
93 2 2 1
26 3 7 29
21 145 92 61
14 27 48 159
8 18 21 8
20 5 4 0
8 109 62 57
41 16 8 3
39 52 67 112
14 229 281 38
14 30 19 162
17 25 17 89
25 6 9 0
2 155 217 40
9 51 88 7
7 134 120 21
0 407 301 84
8 17 21 7
12 24 24 6
6 52 31 304
7 68 38 377
37 4 5 0
73 6 4 43
32 6 7 1
132 6 10 6
133 1 3 10
2 44 23 33
43 1 1 0
98 3 5 3
7 44 78 353
29 4 10 0
2 162 253 820
12 16 8 61
6 34 51 9
89 5 3 30
21 14 10 17
21 13 8 2
18 190 190 60
3 399 367 129
95 3 3 1
14 136 191 262
11 508 813 115
4 458 710 453
21 406 522 99
6 78 93 371
58 0 1 1
11 69 68 74
13 73 73 23
14 44 29 89
45 38 51 54
12 44 61 54
12 0 0 0
98 7 7 8
73 1 1 2
6 31 17 13
1 130 127 16
12 41 51 43
1 62 88 42
57 1 1 1
14 25 48 140
6 100 59 654
32 1 0 2
66 31 39 31
93 7 11 42
17 13 14 37
2 70 42 331
13 111 75 22
29 20 13 74
32 15 32 104
0 984 530 424
68 1 3 1
20 19 14 1
21 6 4 17
0 718 773 1048
23 11 6 1
21 3 1 1
14 64 50 197
14 143 250 152
2 295 283 514
4 186 229 400
43 24 14 184
6 28 28 4
14 24 29 4
14 95 55 70
50 0 0 0
51 0 1 12
24 17 25 122
62 1 2 1
18 176 197 439
6 126 117 128
18 669 850 258
6 70 51 198
76 2 1 9
0 732 921 754
14 30 15 4
7 196 237 89
17 14 15 104
134 1 3 1
14 234 473 1046
135 16 18 56
12 16 22 52
20 2 1 25
2 167 185 66
136 5 3 1
37 5 2 1
46 18 23 19
66 8 4 26
11 70 109 497
1 259 226 561
18 673 561 390
7 27 38 27
16 390 409 350
5 15 8 47
88 5 7 2
2 90 64 122
7 234 306 48
6 8 6 0
5 1 0 0
91 28 33 28
17 435 375 582
9 55 58 9
8 106 81 53
2 85 160 65
16 611 727 658
2 28 49 3
3 213 118 254
7 170 289 344
57 4 4 13
18 646 403 859
21 304 209 52
13 72 66 14
12 11 5 9
33 0 1 1
32 8 8 26
66 0 1 3
7 153 88 59
8 173 100 21
17 339 185 69
9 23 17 21
17 404 613 2101
40 0 0 3
44 5 4 5
137 2 2 10
18 711 888 5072
68 4 7 1
17 120 62 16
6 29 19 3
26 1 0 4
39 4 2 6
12 9 17 36
14 55 58 268
85 0 1 1
27 54 57 202
5 48 52 42
17 206 241 27
11 487 584 75
20 8 5 53
8 94 160 30
138 1 1 1
7 110 94 98
32 47 36 342
14 34 34 29
54 9 8 18
11 243 381 829
9 108 55 322
6 41 36 78
0 743 1520 215
12 21 13 10
14 68 59 389
21 269 492 483
27 2 1 1
11 378 303 914
73 8 17 3
45 4 3 25
29 2 1 1
23 68 61 538
21 7 7 7
13 47 46 31
56 7 10 6
11 573 800 905
21 5 8 7
33 1 0 1
7 279 454 1598
26 3 6 1
37 2 2 7
4 917 594 121
12 9 9 4
0 613 359 687
12 6 7 16
85 1 1 0
14 17 9 44
6 26 16 12
37 1 2 3
11 359 371 711
5 19 13 76
38 1 1 1
14 15 13 134
14 77 109 62
20 8 6 2
76 2 1 0
139 21 19 11
27 13 12 86
1 38 27 268
75 1 1 0
82 1 1 2
18 104 77 17
15 5 5 6
20 16 13 98
0 916 451 254
4 514 740 276
76 2 0 1
3 217 156 175
23 180 88 336
4 558 627 482
39 6 5 21
9 26 30 126
8 136 240 24
7 82 41 14
37 14 11 11
60 5 4 12
65 8 14 79
12 71 73 13
23 434 583 211
7 0 1 3
51 18 16 17
45 1 3 2
27 400 320 189
39 4 3 4
12 3 7 11
21 38 26 6
27 26 23 6
8 53 41 17
2 297 395 51
12 12 12 5
12 151 81 411
20 51 45 346
27 88 78 600
13 41 57 183
7 250 140 1044
13 4 2 1
37 4 2 4
2 77 55 606
9 120 73 114
140 0 1 2
9 198 134 75
13 56 102 78
4 389 355 561
28 0 0 3
18 49 43 188
28 45 26 40
81 1 0 3
3 136 159 480
7 197 379 393
2 211 98 340
32 0 0 0
13 5 4 40
36 3 2 3
44 1 3 1
23 1 0 0
32 25 37 61
53 1 2 0
2 129 130 536
11 403 214 85
11 366 265 69
30 1 0 4
17 558 479 3631
7 293 313 41
13 15 8 1
21 28 39 21
26 5 5 13
56 19 9 47
2 269 299 156
20 5 3 7
23 2 1 1
2 199 240 56
70 0 0 1
59 1 1 2
28 16 9 4
94 1 4 6
20 4 2 16
15 2 1 1
39 1 0 1
4 713 405 214
21 51 77 133
9 320 216 1832
2 32 59 257
49 4 4 8
79 1 0 7
22 17 31 15
12 89 175 57
59 0 1 0
11 134 73 310
20 8 9 1
18 73 39 280
13 3 5 0
12 4 5 1
20 4 5 0
92 1 0 6
21 22 34 9
12 0 0 1
18 511 600 348
141 16 14 8
18 422 209 1302
9 177 201 699
17 16 20 9
5 13 9 48
75 7 4 3
2 0 2 0
1 203 255 49
21 365 448 457
3 434 246 171
5 22 21 53
17 24 42 23
27 16 12 4
41 52 90 295
9 155 95 138
5 32 24 35
1 96 103 553
63 0 1 3
28 12 12 23
2 37 33 4
13 20 10 7
