nbLocalisations 50
nbRessources 3
nbMachines 50
nbProcessus 1000
nbServices 142
*******Machines*******
18 723 646 790 615 537 596 
31 1000 1464 1505 815 1188 1364 
20 3392 3312 2531 2987 2381 2186 
17 3516 3325 12248 3055 3041 10703 
7 2317 2665 7199 1797 2158 6291 
41 1764 2081 4085 1447 1626 3243 
14 6775 7576 17189 5569 6901 16157 
21 3335 3788 6747 3030 2848 5120 
34 2345 3032 3574 1783 2321 2712 
26 2700 2753 2716 2207 2311 2131 
27 1267 1323 2476 1136 1211 2294 
40 2973 2878 6717 2820 2684 5204 
5 4516 3470 4668 3436 3188 3725 
1 2709 2999 3355 1979 2486 2656 
36 3234 3656 8643 3039 2566 7432 
0 3131 2750 4798 2663 2045 3425 
13 4088 4463 9562 3441 3154 7496 
19 1124 1281 1840 1002 1167 1511 
42 5481 6162 17814 4088 4793 16388 
12 3068 3901 7813 2211 3599 5882 
2 4567 6031 13559 3342 5095 9694 
10 2291 2164 6595 2061 1653 5209 
25 6313 6209 15887 4873 5308 13551 
6 3583 4064 10195 2951 3137 8145 
8 2782 3897 5447 2314 3421 4891 
9 3952 3966 6207 3433 3430 5840 
16 2941 3773 10031 2061 2916 7653 
11 2055 2306 1588 1440 2012 1438 
44 3152 3070 5084 2234 2725 3807 
38 1891 1408 6551 1725 1270 5279 
28 2578 2916 2726 1845 2344 2436 
37 2593 2893 5460 1827 2690 4782 
23 4945 5499 7858 4653 4365 5845 
24 4590 5301 7773 4241 4971 7003 
32 3201 4285 7482 2864 3303 6673 
45 3679 3340 6467 3255 2694 5205 
4 3328 3727 6573 2455 2783 4633 
15 1904 2319 4601 1644 1768 3574 
29 6301 7601 10263 4674 6886 9513 
35 2269 2179 3582 2107 2034 2560 
30 1764 2451 4713 1319 2111 4358 
33 3211 3279 5897 2488 2547 4210 
47 3021 2562 2248 2452 1939 1607 
22 2778 3687 3566 2485 3082 2991 
3 1457 1512 3117 1161 1178 2184 
46 3702 4604 13787 2698 3613 13083 
48 3331 4443 10566 2390 3287 7543 
39 6579 7776 14120 5552 7176 12467 
49 3365 3439 4978 3092 2888 3882 
43 2334 3229 6851 2002 2508 5870 
*******Services*******
10
15
37
1
22
4
27
16
4
9
2
25
3
14
36
1
4
0
24
1
9
24
5
8
2
7
6
17
8
1
7
3
5
0
0
2
1
10
1
2
3
2
0
3
0
2
2
2
1
0
0
1
1
0
1
1
3
2
0
7
0
1
0
1
0
1
2
0
3
0
0
1
0
4
1
1
0
0
2
0
1
1
1
1
0
0
1
0
0
1
0
0
1
0
1
0
0
0
2
0
0
0
0
0
0
0
0
0
0
0
0
0
0
0
0
0
0
0
0
0
0
0
0
0
0
0
0
0
0
0
0
0
0
0
0
0
0
0
0
0
0
0
*******Processus*******
21 38 67 210 
8 35 21 48 
17 6 4 17 
59 26 15 56 
8 6 3 47 
17 445 757 949 
2 171 137 49 
30 5 9 4 
27 432 321 1415 
81 3 1 2 
11 47 29 237 
4 421 835 82 
18 52 69 312 
20 2 2 11 
12 93 52 274 
13 20 11 12 
36 1 1 1 
100 1 1 1 
101 1 1 7 
8 41 32 82 
6 5 5 2 
8 245 426 235 
15 110 85 36 
0 75 63 249 
18 500 271 67 
22 4 6 22 
13 8 10 2 
7 34 37 31 
53 2 2 9 
5 32 43 249 
9 149 182 54 
61 1 1 1 
14 296 163 548 
21 8 5 8 
20 5 9 2 
0 82 99 277 
9 22 11 87 
65 5 7 8 
91 1 1 1 
92 18 15 111 
17 6 10 40 
59 13 7 2 
31 1 1 1 
7 124 91 704 
97 2 2 1 
22 14 11 93 
32 2 3 1 
18 385 449 82 
8 57 61 236 
14 329 413 48 
23 9 15 46 
14 71 99 14 
37 1 1 7 
25 2 1 1 
6 69 57 385 
17 516 510 140 
8 187 297 1043 
27 6 6 11 
16 248 269 1150 
102 5 10 4 
6 7 5 7 
34 6 7 10 
1 16 21 6 
7 127 152 107 
0 566 391 544 
0 75 117 411 
70 7 8 2 
17 20 22 90 
12 10 14 7 
37 9 14 33 
5 9 7 20 
6 11 8 13 
21 149 104 71 
7 414 232 84 
103 3 4 1 
24 8 12 12 
95 1 1 1 
41 4 6 1 
24 38 73 256 
87 5 4 49 
12 72 91 69 
11 51 80 151 
41 3 1 12 
14 132 141 25 
12 8 5 4 
14 88 85 18 
96 5 3 1 
6 2 1 17 
6 12 18 28 
7 479 352 588 
13 68 44 45 
14 203 173 424 
21 247 146 54 
11 574 1106 250 
13 95 93 125 
14 9 17 20 
0 663 522 246 
16 238 456 41 
74 1 1 3 
20 19 15 65 
2 135 133 789 
21 26 49 12 
13 50 87 342 
28 1 1 8 
67 6 5 1 
21 1 1 1 
0 55 43 254 
22 15 21 4 
17 22 22 6 
23 4 6 7 
1 158 120 516 
30 80 100 125 
5 3 2 22 
2 74 93 107 
2 66 112 39 
12 68 99 211 
39 5 9 1 
6 22 17 8 
1 157 282 169 
41 1 2 6 
34 9 12 3 
7 341 570 2054 
11 261 264 46 
15 27 40 66 
35 1 1 1 
25 3 4 1 
16 778 761 6560 
6 50 36 45 
6 29 23 23 
13 52 35 9 
66 1 1 1 
1 187 196 54 
12 48 24 327 
92 4 4 5 
62 1 1 1 
9 69 81 9 
18 96 57 411 
18 116 147 449 
39 1 1 10 
14 199 121 88 
104 5 10 1 
9 90 154 128 
84 4 2 15 
13 6 10 39 
57 1 1 2 
10 4 7 7 
3 480 324 144 
2 107 101 31 
6 46 52 28 
1 116 173 831 
32 1 1 1 
18 437 478 1923 
21 18 21 12 
98 6 5 17 
0 874 646 2344 
13 25 36 185 
9 77 53 317 
49 3 2 24 
5 24 38 23 
7 258 448 381 
40 21 40 11 
4 834 1387 2776 
2 218 278 60 
9 189 367 433 
64 4 3 3 
6 16 13 10 
39 5 2 19 
78 1 1 3 
39 3 4 2 
1 81 82 17 
14 7 4 3 
1 134 188 196 
18 373 198 1826 
0 670 1080 2134 
11 390 257 214 
2 17 9 13 
17 174 263 25 
8 109 56 192 
6 54 46 127 
27 1 1 1 
17 335 565 227 
32 9 9 13 
34 577 799 364 
7 678 943 151 
105 1 1 8 
29 4 5 2 
6 85 123 12 
7 137 73 802 
18 46 87 6 
12 101 63 19 
59 2 2 7 
67 1 1 1 
18 21 23 5 
13 208 151 437 
17 20 14 71 
106 2 1 2 
64 1 1 5 
21 742 1305 5019 
17 20 18 4 
42 1 2 6 
11 359 668 797 
20 4 3 1 
7 229 161 263 
30 14 12 81 
20 15 15 9 
23 21 12 3 
14 16 12 41 
16 415 338 1058 
14 491 953 115 
2 179 287 51 
30 1 1 9 
25 4 4 1 
107 7 4 1 
108 3 5 4 
30 58 38 161 
32 25 38 17 
73 2 4 18 
99 1 1 1 
37 7 12 1 
8 19 19 46 
19 1 1 5 
6 17 17 15 
5 13 13 42 
2 155 151 946 
24 4 8 1 
52 6 8 1 
69 2 2 10 
39 20 11 21 
7 415 610 450 
1 211 406 836 
28 3 4 2 
16 868 870 193 
11 772 1155 378 
9 81 109 118 
38 1 1 1 
15 1 1 2 
17 49 54 32 
28 1 1 3 
21 382 271 1309 
29 11 9 36 
4 656 440 284 
109 6 10 2 
79 4 2 1 
19 1 1 1 
54 7 12 3 
50 1 1 1 
14 428 550 146 
9 98 82 210 
7 164 300 106 
59 6 5 1 
12 34 18 76 
15 2 1 4 
8 48 47 268 
110 3 2 2 
63 1 1 2 
5 19 12 6 
111 1 1 4 
32 4 3 8 
78 1 1 4 
12 29 28 26 
26 1 1 11 
26 8 5 31 
27 9 6 41 
66 2 3 1 
9 132 204 26 
90 11 20 3 
17 257 414 336 
18 133 110 545 
12 14 10 3 
88 1 1 4 
17 86 44 488 
27 1 2 1 
16 425 750 3624 
18 385 252 575 
80 1 1 1 
34 1 1 1 
30 1 1 1 
14 87 172 512 
0 742 635 3317 
6 45 42 132 
28 1 1 1 
16 260 181 145 
45 4 3 1 
15 50 45 21 
92 8 13 62 
112 1 1 5 
40 10 6 17 
6 8 15 23 
9 204 128 1515 
16 511 331 80 
113 1 1 1 
30 19 9 18 
39 37 47 103 
14 318 498 74 
4 319 217 86 
14 125 200 42 
6 1 2 9 
12 49 42 11 
4 224 129 48 
6 22 33 94 
12 9 15 36 
114 1 1 3 
9 32 24 15 
37 6 10 33 
11 238 141 33 
15 18 18 15 
7 360 327 526 
18 661 885 1393 
5 5 3 5 
13 16 12 46 
17 553 770 94 
5 16 13 82 
0 549 464 2178 
45 2 1 1 
7 537 770 3024 
28 2 1 2 
35 5 5 1 
27 14 9 78 
56 10 18 34 
51 1 1 5 
7 325 356 1426 
15 3 4 3 
83 15 21 24 
14 47 85 15 
115 1 1 1 
9 18 26 11 
5 29 29 52 
13 13 27 3 
8 32 55 49 
22 1 3 1 
116 2 1 14 
7 242 205 399 
31 2 1 1 
13 104 150 33 
0 552 891 136 
12 6 10 7 
16 54 101 113 
7 481 906 3214 
37 6 4 32 
3 113 211 292 
4 605 412 170 
47 7 4 6 
60 2 2 1 
117 1 1 7 
2 150 168 293 
17 10 8 13 
4 508 630 78 
14 134 156 63 
15 1 2 4 
35 1 1 2 
77 76 125 12 
118 1 1 4 
8 6 3 7 
18 301 198 57 
6 26 15 5 
27 5 10 10 
21 668 607 186 
17 11 10 7 
12 6 7 23 
46 1 2 1 
23 1 1 1 
55 2 1 14 
18 122 207 199 
30 1 1 1 
32 14 20 6 
6 35 21 9 
6 45 78 17 
73 4 4 21 
55 1 2 2 
16 298 359 619 
65 2 4 1 
119 1 1 1 
73 27 35 5 
21 17 18 47 
69 3 5 1 
17 97 153 107 
9 14 8 10 
46 2 2 2 
21 64 124 25 
11 265 134 48 
2 257 165 116 
16 192 170 560 
14 141 246 216 
0 49 32 365 
2 55 46 174 
11 266 454 568 
0 858 720 147 
28 30 58 4 
6 18 25 3 
9 54 57 10 
14 23 22 1114 
23 56 46 382 
12 7 12 32 
0 447 339 250 
34 1 1 1 
16 227 144 94 
12 11 9 4 
6 33 27 7 
8 20 18 4 
31 1 1 1 
17 54 106 115 
61 1 1 3 
71 1 1 2 
45 7 6 50 
16 659 486 139 
32 10 12 4 
9 156 84 24 
11 204 303 368 
10 9 6 6 
7 78 51 387 
7 35 69 37 
12 35 20 17 
0 518 418 422 
42 7 14 19 
7 166 109 38 
51 3 7 2 
99 1 1 1 
97 1 1 10 
83 2 3 3 
21 5 3 30 
16 60 104 220 
77 1 1 1 
14 19 33 11 
68 2 4 3 
31 6 6 1 
24 3 5 1 
11 149 289 214 
120 1 1 1 
13 14 15 26 
17 155 169 1267 
13 21 31 4 
4 596 1002 3296 
4 801 495 2119 
4 66 46 289 
4 66 102 302 
90 1 1 7 
18 70 55 267 
20 33 31 103 
26 47 24 6 
18 47 45 42 
72 2 3 1 
24 1 1 1 
11 444 341 328 
94 1 2 1 
7 112 82 165 
2 228 123 1079 
7 503 303 2092 
14 21 18 4 
25 19 21 5 
21 62 67 9 
15 213 178 45 
7 131 87 149 
8 99 73 36 
53 2 1 4 
30 2 3 7 
12 112 77 38 
71 1 1 1 
17 145 151 29 
121 1 1 1 
0 76 50 233 
4 67 117 19 
6 3 4 8 
2 174 101 882 
12 1 1 1 
40 6 5 3 
13 78 75 548 
17 107 162 67 
0 454 869 828 
49 6 13 3 
122 1 1 2 
123 1 1 1 
6 6 6 1 
21 15 28 4 
13 78 88 227 
50 2 2 1 
4 49 68 137 
12 43 61 14 
32 3 3 1 
27 9 11 26 
20 13 9 39 
14 179 135 1416 
16 232 221 31 
13 14 10 10 
22 39 55 69 
19 1 2 7 
20 1 1 1 
13 8 13 8 
29 694 351 254 
7 56 59 133 
59 1 2 1 
24 8 9 6 
124 1 1 1 
26 1 1 3 
6 9 12 9 
78 4 6 9 
35 1 2 1 
7 21 28 27 
3 48 69 326 
11 406 470 75 
80 1 1 2 
14 11 20 4 
21 93 49 24 
50 1 1 1 
18 140 129 62 
125 3 3 1 
25 386 252 702 
43 11 16 3 
7 141 257 876 
84 1 1 3 
27 3 4 1 
0 59 31 141 
13 43 33 101 
89 3 1 1 
12 39 43 35 
18 232 137 397 
17 382 402 70 
8 39 34 116 
7 361 312 91 
25 11 21 5 
47 5 10 10 
6 9 8 70 
11 50 78 122 
17 228 321 52 
4 452 309 740 
86 21 14 18 
37 11 20 25 
29 128 158 519 
23 7 6 9 
59 1 1 1 
4 86 118 183 
8 14 12 81 
13 2 2 11 
99 1 2 16 
30 3 6 1 
14 52 45 43 
82 2 2 6 
2 166 179 401 
45 2 3 2 
17 95 63 26 
2 161 163 102 
5 15 27 2 
14 313 543 250 
0 81 85 442 
68 5 2 1 
56 1 2 6 
14 61 42 20 
1 371 547 246 
13 95 182 137 
2 29 36 158 
92 17 11 135 
126 25 47 13 
59 1 3 4 
9 25 14 163 
0 640 400 329 
127 1 1 1 
5 9 18 43 
0 555 477 139 
20 13 17 2 
21 79 51 107 
1 171 195 79 
0 854 677 126 
17 26 47 66 
28 3 4 22 
20 34 22 8 
12 35 40 4 
2 230 331 97 
4 76 46 175 
30 14 11 12 
128 1 3 5 
2 59 56 108 
37 36 45 22 
12 15 23 3 
49 1 1 1 
12 32 50 13 
14 2 3 10 
6 14 14 26 
14 454 842 280 
18 96 74 453 
5 1 1 4 
22 62 116 430 
20 7 4 17 
56 1 1 5 
8 59 88 167 
8 17 27 2 
129 1 1 4 
0 87 63 402 
4 51 36 267 
6 59 72 134 
69 1 1 1 
27 8 4 2 
130 1 1 1 
14 165 168 23 
6 24 31 10 
6 16 14 5 
37 3 3 2 
6 4 3 1 
6 150 171 161 
17 226 189 107 
25 1 1 3 
27 1 1 1 
8 15 26 6 
11 76 87 375 
53 15 18 10 
9 18 17 3 
4 81 53 116 
16 78 75 487 
51 2 3 1 
5 3 5 2 
26 37 24 99 
6 11 19 3 
58 12 8 19 
1 315 462 365 
51 3 2 1 
87 8 8 11 
0 636 1187 348 
14 214 119 55 
0 66 66 429 
43 1 1 13 
6 20 29 86 
52 1 1 2 
18 446 339 413 
10 32 48 25 
28 4 8 6 
12 11 6 38 
8 12 8 28 
26 4 5 2 
18 189 195 478 
1 354 290 609 
6 20 15 86 
96 1 2 3 
131 16 20 43 
27 11 6 12 
13 12 7 106 
86 3 2 1 
37 1 1 1 
8 150 210 21 
48 2 2 9 
28 3 3 23 
18 584 568 170 
17 81 89 67 
1 64 100 45 
17 101 54 164 
11 761 401 165 
0 182 143 52 
16 204 155 68 
12 86 154 15 
39 1 1 1 
12 17 13 119 
4 58 41 167 
74 1 1 3 
7 103 96 264 
23 14 27 6 
8 10 16 10 
13 59 72 165 
47 1 1 1 
18 343 221 280 
17 13 10 6 
20 28 18 42 
0 501 729 380 
13 68 59 51 
51 2 1 16 
7 373 726 216 
72 3 3 6 
0 74 98 297 
25 6 7 1 
11 668 1151 562 
48 10 19 36 
42 29 54 56 
12 4 3 25 
6 44 38 32 
2 182 96 711 
3 275 309 168 
13 204 224 423 
12 16 15 8 
96 1 1 1 
47 10 14 4 
13 63 67 12 
21 54 33 306 
93 2 3 1 
26 4 8 28 
21 141 100 57 
14 28 49 176 
8 19 22 8 
20 6 4 1 
8 109 68 60 
41 17 9 4 
39 51 71 106 
14 238 303 37 
14 31 20 164 
17 26 18 96 
25 6 9 1 
2 153 209 38 
9 54 93 7 
7 134 126 21 
0 383 304 80 
8 17 20 7 
12 25 24 7 
6 50 33 278 
7 67 40 354 
37 4 5 1 
73 6 5 41 
32 6 8 2 
132 7 10 6 
133 2 3 10 
2 45 25 31 
43 1 1 1 
98 3 5 3 
7 45 83 334 
29 5 10 1 
2 158 251 767 
12 17 9 58 
6 32 52 10 
89 5 4 31 
21 15 11 19 
21 13 9 3 
18 179 198 57 
3 408 341 119 
95 3 3 1 
14 147 208 263 
11 515 850 110 
4 455 704 492 
21 425 498 97 
6 79 96 363 
58 1 1 2 
11 65 64 78 
13 79 71 21 
14 45 31 83 
45 40 54 55 
12 41 66 59 
12 1 1 1 
98 8 7 8 
73 2 1 2 
6 29 18 13 
1 126 116 17 
12 44 49 41 
1 65 90 39 
57 1 1 2 
14 25 46 142 
6 93 55 662 
32 1 1 2 
66 31 38 32 
93 8 11 42 
17 15 13 41 
2 72 41 357 
13 120 79 21 
29 21 15 78 
32 15 30 113 
0 899 491 429 
68 2 3 1 
20 19 15 2 
21 7 4 16 
0 675 793 959 
23 12 7 2 
21 3 2 2 
14 71 47 199 
14 141 229 145 
2 281 306 526 
4 182 222 364 
43 23 14 181 
6 26 27 4 
14 26 28 4 
14 89 57 73 
50 1 1 1 
51 1 1 13 
24 16 25 124 
62 1 2 1 
18 163 183 449 
6 121 111 127 
18 610 944 247 
6 70 52 182 
76 2 1 10 
0 713 843 781 
14 32 16 5 
7 193 238 82 
17 14 16 109 
134 2 4 2 
14 244 447 972 
135 16 19 60 
12 16 23 56 
20 3 2 27 
2 161 196 64 
136 6 4 2 
37 5 2 2 
46 18 24 21 
66 8 5 28 
11 69 109 506 
1 283 212 585 
18 675 565 424 
7 25 36 26 
16 357 454 321 
5 15 8 45 
88 6 8 2 
2 100 60 117 
7 239 320 53 
6 9 6 1 
5 1 1 1 
91 28 32 27 
17 418 390 532 
9 51 54 9 
8 116 79 50 
2 82 162 70 
16 589 774 638 
2 27 53 3 
3 205 115 232 
7 179 304 336 
57 4 4 14 
18 704 377 870 
21 296 195 48 
13 71 63 15 
12 12 6 10 
33 1 2 1 
32 9 9 28 
66 1 1 3 
7 161 93 57 
8 180 97 24 
17 340 189 66 
9 26 17 23 
17 381 607 2145 
40 1 1 4 
44 6 4 6 
137 2 2 11 
18 675 836 4981 
68 4 8 2 
17 110 61 17 
6 33 19 4 
26 1 1 4 
39 4 2 7 
12 9 16 39 
14 51 63 291 
85 1 1 1 
27 57 59 205 
5 51 57 47 
17 189 260 29 
11 458 568 75 
20 9 5 56 
8 89 164 30 
138 1 1 1 
7 116 104 92 
32 48 36 368 
14 32 34 33 
54 10 8 17 
11 263 413 796 
9 112 58 324 
6 46 34 83 
0 765 1448 217 
12 22 13 11 
14 69 63 422 
21 256 501 510 
27 2 1 1 
11 375 300 838 
73 9 16 3 
45 4 4 26 
29 2 2 1 
23 74 66 594 
21 8 8 8 
13 44 46 31 
56 8 10 7 
11 546 827 978 
21 6 8 8 
33 1 1 1 
7 259 490 1615 
26 3 6 1 
37 2 2 7 
4 853 594 114 
12 10 9 4 
0 658 364 677 
12 6 8 16 
85 1 1 1 
14 19 10 49 
6 26 16 12 
37 2 2 3 
11 340 345 664 
5 20 13 77 
38 1 1 1 
14 16 14 127 
14 83 107 68 
20 9 7 2 
76 2 1 1 
139 23 20 11 
27 13 12 90 
1 41 26 285 
75 1 2 1 
82 1 1 3 
18 97 79 16 
15 5 5 6 
20 17 14 101 
0 841 473 243 
4 551 795 269 
76 2 1 1 
3 225 163 168 
23 181 91 372 
4 521 621 474 
39 6 5 22 
9 27 29 132 
8 132 258 24 
7 79 39 15 
37 13 12 11 
60 5 4 14 
65 9 15 80 
12 67 70 14 
23 424 605 204 
7 1 1 3 
51 19 17 16 
45 2 4 2 
27 380 318 208 
39 5 3 4 
12 4 8 11 
21 38 24 6 
27 27 26 6 
8 53 43 19 
2 321 362 50 
12 12 14 6 
12 155 87 456 
20 56 46 358 
27 96 72 557 
13 44 56 193 
7 267 148 970 
13 5 3 1 
37 4 2 5 
2 84 56 587 
9 121 68 125 
140 1 2 3 
9 214 127 71 
13 60 109 74 
4 378 379 595 
28 1 1 3 
18 51 45 183 
28 42 28 39 
81 1 1 3 
3 150 151 437 
7 188 373 423 
2 207 108 355 
32 1 1 1 
13 5 5 38 
36 3 2 3 
44 2 3 1 
23 1 1 1 
32 26 40 57 
53 1 2 1 
2 122 141 567 
11 441 229 79 
11 354 263 71 
30 1 1 5 
17 599 472 3669 
7 272 300 43 
13 17 9 2 
21 26 42 20 
26 6 6 13 
56 19 10 45 
2 298 277 145 
20 6 3 7 
23 3 2 1 
2 199 223 59 
70 1 1 1 
59 1 1 3 
28 16 10 4 
94 2 4 6 
20 4 3 18 
15 2 1 1 
39 1 1 1 
4 756 389 229 
21 57 78 136 
9 342 202 1753 
2 35 59 260 
49 4 5 8 
79 1 1 7 
22 19 32 17 
12 97 161 58 
59 1 2 1 
11 142 75 291 
20 9 9 1 
18 81 44 311 
13 3 6 1 
12 5 5 1 
20 4 6 1 
92 2 1 6 
21 21 36 10 
12 1 1 1 
18 497 601 376 
141 16 15 9 
18 414 214 1232 
9 168 202 650 
17 17 20 9 
5 14 10 52 
75 7 5 3 
2 1 3 1 
1 187 276 48 
21 335 484 505 
3 416 268 181 
5 25 23 52 
17 23 42 23 
27 17 13 4 
41 49 87 271 
9 143 103 130 
5 35 24 35 
1 98 111 591 
63 1 1 3 
28 12 14 23 
2 36 36 5 
13 20 10 7 
