nbLocalisations 1
nbRessources 3
nbMachines 100
nbProcessus 1000
nbServices 1000
*******Machines*******
0 2346 1833 2329 1984 1538 2058 
0 1334 1804 3914 1082 1680 3502 
0 3233 3814 3776 2750 3600 3427 
0 1596 1821 3151 1412 1680 2759 
0 2170 2812 1832 1967 2381 1582 
0 644 655 738 535 559 613 
0 1011 751 4912 834 665 4366 
0 1854 1690 5537 1525 1507 4977 
0 1288 1561 1022 1132 1438 823 
0 112 118 319 92 100 287 
0 519 438 849 465 367 781 
0 216 292 817 176 270 658 
0 534 670 1024 506 571 857 
0 3752 3796 5870 3233 3366 4836 
0 1620 1165 6506 1473 1060 5451 
0 1907 2149 2944 1 1 1 
0 493 288 169 453 272 147 
0 1214 1791 2235 1081 1599 1814 
0 1190 1339 3225 956 1195 3043 
0 1576 1912 6741 1321 1565 5527 
0 1146 1694 4340 1030 1562 4088 
0 468 327 1778 443 273 1494 
0 539 495 739 448 463 664 
0 521 710 361 483 653 320 
0 1929 1328 1495 1716 1216 1240 
0 883 1133 563 728 1023 457 
0 4651 5208 6941 3790 4890 5711 
0 1146 2058 385 1027 1861 325 
0 1849 1890 1084 1572 1754 1017 
0 1095 1067 1586 976 990 1453 
0 1105 1564 1765 982 1407 1531 
0 874 1309 411 770 1208 348 
0 1187 1111 2059 976 911 1876 
0 1165 759 562 996 637 499 
0 1079 1055 2385 955 986 2007 
0 1240 2038 983 1042 1911 829 
0 286 215 1045 255 184 981 
0 2880 3499 3996 2375 2963 3515 
0 1177 1373 4119 1058 1261 3616 
0 4609 3819 5950 4368 3073 5074 
0 2117 2764 3846 1947 2602 3195 
0 1872 2329 3936 1536 2170 3297 
0 1933 1879 7662 1667 1711 7224 
0 346 410 393 301 377 349 
0 1569 1875 2711 1437 1523 2338 
0 1438 1588 1898 1241 1384 1739 
0 182 228 355 150 198 290 
0 2339 1926 2521 2111 1818 2137 
0 1057 1506 875 875 1205 710 
0 2493 2165 7237 2302 1867 6114 
0 1235 1213 2308 1045 1130 1896 
0 1262 1667 2058 1194 1405 1691 
0 2622 2252 6144 2396 1866 5670 
0 2774 2111 2964 2460 1709 2708 
0 957 779 489 874 674 419 
0 1641 1969 6178 1349 1720 5498 
0 2258 3383 4146 2025 2875 3917 
0 443 417 2621 378 344 2143 
0 501 662 1982 458 579 1642 
0 527 666 318 443 631 278 
0 2116 2020 4089 1967 1658 3740 
0 1085 1373 1900 982 1205 1567 
0 1523 2239 4066 1271 1970 3398 
0 1346 1275 982 1080 1084 808 
0 1997 2645 6126 1607 2187 5512 
0 1755 1514 996 1657 1229 858 
0 280 316 1211 234 285 970 
0 2601 3075 2370 2314 2715 2175 
0 609 621 1111 493 527 951 
0 1818 1586 5555 1562 1477 5148 
0 696 585 3172 557 543 2987 
0 2656 4064 7872 2514 3620 7186 
0 1589 1466 2844 1 1 1 
0 1366 1639 3522 1249 1549 3056 
0 445 608 251 375 562 229 
0 732 950 934 672 895 827 
0 1839 1216 1230 1701 1154 1011 
0 1533 1673 1468 1423 1587 1374 
0 571 441 2380 536 367 2229 
0 1090 1072 297 915 927 245 
0 943 1500 1979 788 1297 1638 
0 1541 1847 2259 1314 1554 1922 
0 209 172 435 1 1 1 
0 880 1012 1803 718 959 1504 
0 2421 3274 9846 2251 2716 8427 
0 2347 2292 3888 1907 2046 3121 
0 940 1358 296 753 1087 256 
0 3443 3238 9859 3184 2897 8695 
0 1043 1378 1420 886 1271 1142 
0 2358 2193 4899 2142 2073 3938 
0 2681 3190 3631 2386 3007 3423 
0 356 471 774 327 401 679 
0 663 830 1161 604 692 1052 
0 274 229 175 1 1 1 
0 2045 2238 4733 1856 2040 3970 
0 715 1013 459 639 871 406 
0 1002 1286 5130 936 1116 4124 
0 1226 1254 2473 1157 1095 2314 
0 1767 1679 3729 1609 1567 3276 
0 1177 877 2158 1106 831 1833 
*******Services*******
0
0
0
0
0
0
0
0
0
0
0
0
0
0
0
0
0
0
0
0
0
0
0
0
0
0
0
0
0
0
0
0
0
0
0
0
0
0
0
0
0
0
0
0
0
0
0
0
0
0
0
0
0
0
0
0
0
0
0
0
0
0
0
0
0
0
0
0
0
0
0
0
0
0
0
0
0
0
0
0
0
0
0
0
0
0
0
0
0
0
0
0
0
0
0
0
0
0
0
0
0
0
0
0
0
0
0
0
0
0
0
0
0
0
0
0
0
0
0
0
0
0
0
0
0
0
0
0
0
0
0
0
0
0
0
0
0
0
0
0
0
0
0
0
0
0
0
0
0
0
0
0
0
0
0
0
0
0
0
0
0
0
0
0
0
0
0
0
0
0
0
0
0
0
0
0
0
0
0
0
0
0
0
0
0
0
0
0
0
0
0
0
0
0
0
0
0
0
0
0
0
0
0
0
0
0
0
0
0
0
0
0
0
0
0
0
0
0
0
0
0
0
0
0
0
0
0
0
0
0
0
0
0
0
0
0
0
0
0
0
0
0
0
0
0
0
0
0
0
0
0
0
0
0
0
0
0
0
0
0
0
0
0
0
0
0
0
0
0
0
0
0
0
0
0
0
0
0
0
0
0
0
0
0
0
0
0
0
0
0
0
0
0
0
0
0
0
0
0
0
0
0
0
0
0
0
0
0
0
0
0
0
0
0
0
0
0
0
0
0
0
0
0
0
0
0
0
0
0
0
0
0
0
0
0
0
0
0
0
0
0
0
0
0
0
0
0
0
0
0
0
0
0
0
0
0
0
0
0
0
0
0
0
0
0
0
0
0
0
0
0
0
0
0
0
0
0
0
0
0
0
0
0
0
0
0
0
0
0
0
0
0
0
0
0
0
0
0
0
0
0
0
0
0
0
0
0
0
0
0
0
0
0
0
0
0
0
0
0
0
0
0
0
0
0
0
0
0
0
0
0
0
0
0
0
0
0
0
0
0
0
0
0
0
0
0
0
0
0
0
0
0
0
0
0
0
0
0
0
0
0
0
0
0
0
0
0
0
0
0
0
0
0
0
0
0
0
0
0
0
0
0
0
0
0
0
0
0
0
0
0
0
0
0
0
0
0
0
0
0
0
0
0
0
0
0
0
0
0
0
0
0
0
0
0
0
0
0
0
0
0
0
0
0
0
0
0
0
0
0
0
0
0
0
0
0
0
0
0
0
0
0
0
0
0
0
0
0
0
0
0
0
0
0
0
0
0
0
0
0
0
0
0
0
0
0
0
0
0
0
0
0
0
0
0
0
0
0
0
0
0
0
0
0
0
0
0
0
0
0
0
0
0
0
0
0
0
0
0
0
0
0
0
0
0
0
0
0
0
0
0
0
0
0
0
0
0
0
0
0
0
0
0
0
0
0
0
0
0
0
0
0
0
0
0
0
0
0
0
0
0
0
0
0
0
0
0
0
0
0
0
0
0
0
0
0
0
0
0
0
0
0
0
0
0
0
0
0
0
0
0
0
0
0
0
0
0
0
0
0
0
0
0
0
0
0
0
0
0
0
0
0
0
0
0
0
0
0
0
0
0
0
0
0
0
0
0
0
0
0
0
0
0
0
0
0
0
0
0
0
0
0
0
0
0
0
0
0
0
0
0
0
0
0
0
0
0
0
0
0
0
0
0
0
0
0
0
0
0
0
0
0
0
0
0
0
0
0
0
0
0
0
0
0
0
0
0
0
0
0
0
0
0
0
0
0
0
0
0
0
0
0
0
0
0
0
0
0
0
0
0
0
0
0
0
0
0
0
0
0
0
0
0
0
0
0
0
0
0
0
0
0
0
0
0
0
0
0
0
0
0
0
0
0
0
0
0
0
0
0
0
0
0
0
0
0
0
0
0
0
0
0
0
0
0
0
0
0
0
0
0
0
0
0
0
0
0
0
0
0
0
0
0
0
0
0
0
0
0
0
0
0
0
0
0
0
0
0
0
0
0
0
0
0
0
0
0
0
0
0
0
0
0
0
0
0
0
0
0
0
0
0
0
0
0
0
0
0
0
0
0
0
0
0
0
0
0
0
0
0
0
0
0
0
0
0
0
0
0
0
0
0
0
0
0
0
0
0
0
0
0
0
0
0
0
0
0
0
0
0
0
0
0
0
0
0
0
0
0
0
0
0
0
0
0
0
0
0
0
0
0
0
0
0
0
0
0
0
0
0
0
0
0
0
0
0
0
0
0
0
0
0
0
0
0
0
0
0
0
0
*******Processus*******
0 145 135 55 
1 215 303 618 
2 11 6 4 
3 760 433 952 
4 144 140 55 
5 838 1486 5931 
6 5 5 11 
7 3 4 5 
8 57 103 294 
9 16 12 47 
10 71 40 333 
11 31 38 48 
12 3 2 5 
13 2 1 3 
14 6 4 7 
15 1 2 2 
16 96 63 15 
17 4 5 19 
18 18 9 50 
19 40 40 7 
20 1 1 1 
21 382 243 908 
22 1 3 2 
23 63 73 31 
24 79 55 165 
25 91 72 22 
26 232 432 1480 
27 1 1 7 
28 9 9 5 
29 22 14 5 
30 47 39 27 
31 10 9 21 
32 775 485 459 
33 225 347 326 
34 15 29 87 
35 5 3 42 
36 3 2 5 
37 1 1 6 
38 13 20 39 
39 3 2 2 
40 39 51 52 
41 36 19 46 
42 23 29 9 
43 70 45 15 
44 58 63 363 
45 18 16 28 
46 709 608 1705 
47 628 361 912 
48 1 1 1 
49 9 15 8 
50 1 1 1 
51 1 2 1 
52 138 171 40 
53 266 352 86 
54 130 81 416 
55 2 2 1 
56 11 19 30 
57 778 1088 1233 
58 23 23 7 
59 7 3 5 
60 102 149 60 
61 881 482 195 
62 1 1 2 
63 102 51 207 
64 1 1 2 
65 37 33 94 
66 131 216 28 
67 77 145 257 
68 17 9 3 
69 39 64 36 
70 3 1 1 
71 11 15 2 
72 1 3 1 
73 30 34 19 
74 23 27 11 
75 4 7 25 
76 67 70 126 
77 1 2 11 
78 58 54 112 
79 29 30 89 
80 24 41 8 
81 199 187 26 
82 1 1 1 
83 11 23 2 
84 3 5 1 
85 212 135 99 
86 1 1 1 
87 73 42 183 
88 1 1 8 
89 5 5 6 
90 1 1 3 
91 230 152 877 
92 1 1 1 
93 13 22 3 
94 1 1 1 
95 1 1 2 
96 3 2 3 
97 18 15 3 
98 487 673 784 
99 3 4 3 
100 47 50 294 
101 5 8 1 
102 11 11 3 
103 1 3 2 
104 3 3 7 
105 50 46 110 
106 623 457 1894 
107 2 1 7 
108 294 492 244 
109 1 1 9 
110 10 13 6 
111 5 6 1 
112 54 43 163 
113 881 648 120 
114 29 48 23 
115 33 16 26 
116 29 24 9 
117 335 330 188 
118 4 3 2 
119 170 89 97 
120 1 1 1 
121 13 12 6 
122 2 4 16 
123 49 35 23 
124 12 10 12 
125 56 46 67 
126 34 33 18 
127 1 1 1 
128 6 6 30 
129 16 8 39 
130 462 483 2595 
131 8 16 56 
132 85 119 364 
133 4 2 3 
134 117 60 603 
135 21 21 70 
136 156 98 103 
137 853 1471 1256 
138 44 70 296 
139 23 30 22 
140 3 3 1 
141 22 18 50 
142 109 142 62 
143 1 1 1 
144 6 4 1 
145 14 15 35 
146 102 102 17 
147 50 80 32 
148 15 22 56 
149 120 85 54 
150 658 685 1711 
151 1 1 8 
152 559 855 607 
153 11 9 2 
154 140 176 955 
155 30 60 101 
156 13 19 9 
157 17 19 111 
158 11 8 77 
159 9 18 1 
160 6 5 30 
161 3 4 25 
162 3 3 4 
163 32 32 8 
164 53 47 36 
165 8 11 63 
166 29 24 66 
167 212 262 259 
168 5 6 27 
169 49 89 20 
170 8 7 52 
171 167 104 73 
172 25 13 185 
173 3 6 1 
174 13 13 15 
175 20 16 3 
176 2 3 1 
177 11 6 29 
178 1 1 1 
179 2 2 13 
180 240 480 296 
181 5 6 16 
182 10 9 30 
183 80 76 326 
184 259 184 323 
185 37 41 25 
186 3 6 2 
187 445 774 98 
188 381 218 588 
189 13 12 90 
190 40 74 101 
191 281 173 979 
192 15 9 42 
193 275 180 52 
194 1 1 6 
195 34 67 35 
196 2 2 1 
197 1 1 1 
198 8 11 4 
199 36 30 96 
200 1 1 5 
201 315 554 556 
202 77 108 89 
203 4 8 6 
204 120 68 235 
205 431 381 285 
206 1 1 1 
207 17 10 5 
208 528 463 1119 
209 42 68 208 
210 641 365 246 
211 4 5 16 
212 26 22 4 
213 1 1 3 
214 4 3 38 
215 1 1 2 
216 18 15 2 
217 127 161 40 
218 5 8 17 
219 1 1 3 
220 183 200 26 
221 103 114 845 
222 274 373 244 
223 2 1 1 
224 54 43 14 
225 116 81 103 
226 23 30 140 
227 477 621 742 
228 118 85 34 
229 1 2 1 
230 9 13 2 
231 421 523 298 
232 1 2 1 
233 286 168 73 
234 126 133 48 
235 193 230 119 
236 587 352 931 
237 54 41 8 
238 14 7 13 
239 196 105 73 
240 1 1 11 
241 3 2 18 
242 8 5 43 
243 25 37 113 
244 215 182 57 
245 139 142 21 
246 115 192 554 
247 52 49 154 
248 2 2 18 
249 306 272 255 
250 44 54 35 
251 38 57 7 
252 493 265 84 
253 631 382 108 
254 11 7 79 
255 94 112 279 
256 6 9 1 
257 1 1 1 
258 3 3 1 
259 3 1 21 
260 1 1 1 
261 583 487 362 
262 11 9 42 
263 1 1 1 
264 324 371 1194 
265 11 16 12 
266 76 86 39 
267 3 4 24 
268 9 16 2 
269 132 169 25 
270 2 3 1 
271 1 1 5 
272 1 3 2 
273 7 14 16 
274 81 47 25 
275 1 1 1 
276 276 270 50 
277 66 39 22 
278 19 13 21 
279 40 25 46 
280 666 746 113 
281 3 5 17 
282 1 1 3 
283 9 4 39 
284 471 854 1033 
285 467 898 551 
286 92 65 391 
287 15 11 14 
288 164 201 98 
289 186 291 53 
290 333 615 154 
291 8 8 2 
292 1 1 7 
293 13 13 2 
294 150 94 199 
295 6 4 41 
296 1 1 1 
297 38 21 204 
298 415 259 234 
299 4 2 37 
300 33 46 57 
301 59 58 179 
302 686 1194 938 
303 248 183 87 
304 58 83 13 
305 4 5 2 
306 23 26 12 
307 311 406 389 
308 7 4 2 
309 1 2 5 
310 1 1 5 
311 262 187 1578 
312 2 2 3 
313 4 4 30 
314 1 3 1 
315 47 26 43 
316 109 135 142 
317 73 51 85 
318 4 5 1 
319 17 12 4 
320 102 105 195 
321 1 1 8 
322 35 35 100 
323 574 780 632 
324 1 1 1 
325 7 5 20 
326 154 97 31 
327 1 3 1 
328 189 134 1019 
329 26 37 102 
330 19 10 48 
331 19 20 5 
332 6 7 28 
333 6 5 9 
334 1 1 8 
335 282 141 325 
336 422 447 832 
337 1 1 7 
338 26 21 9 
339 17 25 7 
340 1 3 1 
341 77 129 133 
342 1 1 7 
343 1 1 1 
344 1 2 1 
345 163 252 22 
346 10 6 20 
347 4 5 24 
348 303 524 837 
349 92 129 32 
350 27 14 14 
351 18 11 23 
352 14 16 3 
353 12 11 13 
354 26 25 11 
355 1 2 1 
356 21 41 49 
357 313 184 1430 
358 30 44 12 
359 277 196 277 
360 77 146 366 
361 7 9 12 
362 520 333 192 
363 12 7 37 
364 1 1 1 
365 86 108 11 
366 179 240 174 
367 170 247 347 
368 521 658 87 
369 16 12 3 
370 95 106 765 
371 30 17 53 
372 781 639 466 
373 56 56 21 
374 4 5 3 
375 26 23 38 
376 11 17 17 
377 199 145 60 
378 6 3 20 
379 1 1 2 
380 569 345 1434 
381 2 1 1 
382 3 4 9 
383 97 179 27 
384 33 17 274 
385 8 9 2 
386 165 114 450 
387 31 27 34 
388 15 20 19 
389 1 1 1 
390 264 221 208 
391 341 472 185 
392 2 3 1 
393 12 9 72 
394 1 1 1 
395 143 80 21 
396 4 4 8 
397 96 144 336 
398 51 43 21 
399 293 540 1510 
400 8 6 1 
401 1 1 1 
402 852 550 732 
403 320 184 724 
404 61 57 98 
405 122 70 68 
406 2 2 1 
407 611 306 4752 
408 38 38 43 
409 10 18 38 
410 31 54 10 
411 90 63 143 
412 504 379 662 
413 7 7 13 
414 4 4 1 
415 443 233 135 
416 28 23 110 
417 2 2 7 
418 1 3 1 
419 55 32 143 
420 4 6 4 
421 16 10 18 
422 48 52 8 
423 1 2 10 
424 4 2 6 
425 54 59 44 
426 10 14 33 
427 37 28 262 
428 33 26 37 
429 126 100 130 
430 1 1 9 
431 39 28 9 
432 282 259 97 
433 1 1 2 
434 3 1 1 
435 651 337 4469 
436 71 58 297 
437 3 2 2 
438 67 86 199 
439 77 69 38 
440 116 73 49 
441 1 1 1 
442 32 42 4 
443 17 15 75 
444 5 11 1 
445 15 19 2 
446 854 1687 415 
447 25 19 183 
448 108 124 76 
449 17 13 100 
450 37 52 10 
451 332 439 508 
452 509 338 496 
453 1 1 1 
454 32 16 32 
455 886 494 1988 
456 225 166 125 
457 415 595 3424 
458 34 45 41 
459 301 328 1015 
460 379 209 472 
461 380 315 170 
462 2 1 2 
463 803 1538 207 
464 14 21 94 
465 69 36 13 
466 2 1 1 
467 9 6 10 
468 23 13 3 
469 6 3 21 
470 80 95 66 
471 620 329 887 
472 55 51 209 
473 19 22 16 
474 1 1 4 
475 7 6 41 
476 1 1 11 
477 38 22 205 
478 625 965 188 
479 20 34 3 
480 2 1 3 
481 17 10 4 
482 218 147 156 
483 1 1 5 
484 1 1 1 
485 85 52 89 
486 63 32 68 
487 568 891 251 
488 1 1 6 
489 144 196 263 
490 2 2 1 
491 13 21 5 
492 832 564 1057 
493 676 1246 731 
494 532 315 91 
495 2 1 10 
496 333 170 1542 
497 5 5 1 
498 95 53 297 
499 1 1 1 
500 4 9 2 
501 140 126 32 
502 2 1 7 
503 32 33 123 
504 3 1 28 
505 45 33 73 
506 19 21 7 
507 2 1 1 
508 22 13 5 
509 44 54 42 
510 1 2 2 
511 119 115 58 
512 293 338 40 
513 409 769 94 
514 16 32 6 
515 1 1 1 
516 1 1 1 
517 155 152 35 
518 49 65 13 
519 78 40 150 
520 2 1 1 
521 23 21 5 
522 7 9 4 
523 40 30 44 
524 1 1 1 
525 2 1 3 
526 22 43 137 
527 144 178 22 
528 3 4 19 
529 12 6 38 
530 20 13 50 
531 5 4 8 
532 1 1 1 
533 515 270 613 
534 4 3 35 
535 1 3 1 
536 11 16 14 
537 3 2 10 
538 61 121 10 
539 3 4 1 
540 6 5 4 
541 614 695 608 
542 5 8 4 
543 36 53 14 
544 152 218 146 
545 269 334 222 
546 34 35 114 
547 391 530 1399 
548 1 1 1 
549 806 1603 1075 
550 2 2 1 
551 18 27 26 
552 6 4 2 
553 97 130 179 
554 213 317 361 
555 592 950 4472 
556 1 1 1 
557 329 446 101 
558 17 11 134 
559 48 37 7 
560 50 70 260 
561 2 2 19 
562 24 30 94 
563 5 5 7 
564 10 6 7 
565 14 11 14 
566 855 1709 117 
567 685 888 479 
568 440 236 108 
569 6 4 33 
570 2 1 4 
571 191 129 505 
572 9 5 3 
573 113 119 109 
574 4 2 21 
575 9 14 11 
576 83 55 23 
577 148 288 169 
578 7 14 5 
579 18 13 38 
580 4 7 14 
581 217 356 1068 
582 335 526 276 
583 16 12 33 
584 8 5 2 
585 13 12 3 
586 13 26 9 
587 135 206 395 
588 162 215 189 
589 5 5 1 
590 75 40 30 
591 1 1 4 
592 331 275 942 
593 57 74 11 
594 25 18 148 
595 417 273 120 
596 53 64 165 
597 14 8 2 
598 6 3 3 
599 10 7 15 
600 3 4 1 
601 15 30 102 
602 181 118 75 
603 126 119 107 
604 308 160 1721 
605 47 75 10 
606 28 46 5 
607 619 996 119 
608 2 2 12 
609 2 2 19 
610 6 13 1 
611 10 8 4 
612 89 152 600 
613 25 45 83 
614 16 25 19 
615 550 294 1330 
616 2 2 1 
617 11 13 12 
618 17 19 79 
619 3 2 4 
620 43 37 174 
621 6 10 1 
622 363 326 153 
623 39 34 11 
624 3 2 24 
625 14 15 71 
626 78 113 431 
627 263 517 85 
628 778 1308 3409 
629 5 3 3 
630 52 84 120 
631 409 614 2457 
632 17 13 101 
633 265 331 596 
634 17 11 23 
635 11 10 24 
636 31 19 89 
637 148 142 85 
638 582 452 209 
639 646 1023 123 
640 339 236 406 
641 1 1 1 
642 305 317 85 
643 218 131 1488 
644 379 326 70 
645 1 1 1 
646 10 10 4 
647 1 1 4 
648 30 15 11 
649 18 13 16 
650 749 1355 818 
651 1 1 1 
652 2 4 18 
653 13 13 2 
654 18 26 4 
655 3 2 9 
656 325 623 164 
657 2 1 3 
658 16 12 12 
659 3 3 1 
660 9 11 15 
661 4 2 5 
662 14 15 77 
663 452 273 210 
664 40 60 36 
665 74 69 16 
666 2 3 1 
667 135 201 18 
668 1 1 1 
669 318 365 499 
670 137 251 128 
671 4 2 1 
672 542 656 2941 
673 637 375 993 
674 18 32 5 
675 2 1 2 
676 1 1 1 
677 44 68 138 
678 14 14 27 
679 623 641 1140 
680 33 57 8 
681 126 73 65 
682 13 8 3 
683 35 36 6 
684 1 1 1 
685 1 1 4 
686 52 56 441 
687 208 213 486 
688 422 541 677 
689 385 644 2652 
690 1 1 1 
691 30 30 7 
692 94 85 108 
693 180 125 204 
694 286 232 1380 
695 66 44 209 
696 4 3 1 
697 1 1 1 
698 97 106 74 
699 608 645 128 
700 51 72 19 
701 22 15 53 
702 2 2 1 
703 2 3 3 
704 4 3 4 
705 8 5 38 
706 78 102 189 
707 1 1 1 
708 12 7 3 
709 2 2 1 
710 26 27 16 
711 1 1 1 
712 37 22 171 
713 30 31 114 
714 392 322 106 
715 3 1 2 
716 25 21 3 
717 67 52 109 
718 6 10 1 
719 23 14 5 
720 27 49 82 
721 609 443 266 
722 126 68 53 
723 528 312 210 
724 95 143 18 
725 47 88 51 
726 46 53 106 
727 31 59 51 
728 1 2 3 
729 3 1 5 
730 112 222 20 
731 1 1 1 
732 192 383 80 
733 204 132 355 
734 4 2 1 
735 309 306 279 
736 6 8 17 
737 2 1 12 
738 176 120 73 
739 246 170 951 
740 155 192 898 
741 22 23 39 
742 1 2 1 
743 9 17 68 
744 463 758 2178 
745 1 1 4 
746 2 3 1 
747 2 1 3 
748 750 687 2681 
749 5 4 1 
750 52 87 362 
751 588 576 1442 
752 109 106 85 
753 5 4 35 
754 2 3 3 
755 16 10 13 
756 3 6 1 
757 142 115 266 
758 25 42 4 
759 4 2 1 
760 8 15 4 
761 66 79 161 
762 1 1 7 
763 161 150 246 
764 851 729 164 
765 93 50 55 
766 309 444 173 
767 29 17 47 
768 1 1 7 
769 61 35 176 
770 1 1 5 
771 47 93 21 
772 17 17 91 
773 3 5 10 
774 1 1 1 
775 2 1 1 
776 83 117 323 
777 20 23 151 
778 8 4 32 
779 26 32 192 
780 1 1 9 
781 1 2 1 
782 6 7 2 
783 25 14 160 
784 97 93 14 
785 497 762 1859 
786 3 4 1 
787 58 62 65 
788 507 398 2483 
789 557 958 860 
790 3 5 1 
791 2 3 1 
792 97 174 154 
793 54 68 46 
794 1 1 2 
795 762 639 1172 
796 5 6 10 
797 64 47 150 
798 9 11 7 
799 94 141 178 
800 1 1 1 
801 85 53 619 
802 159 228 31 
803 50 76 10 
804 72 74 188 
805 10 11 4 
806 22 18 11 
807 363 289 703 
808 144 147 28 
809 22 25 8 
810 288 459 1767 
811 254 324 1705 
812 226 253 68 
813 9 15 2 
814 7 7 8 
815 71 136 106 
816 97 177 276 
817 3 3 8 
818 268 231 269 
819 321 489 1717 
820 7 5 8 
821 19 11 2 
822 37 51 13 
823 272 317 231 
824 305 335 193 
825 2 4 1 
826 3 6 26 
827 207 223 497 
828 514 587 597 
829 1 1 1 
830 85 82 29 
831 6 5 2 
832 87 156 136 
833 7 7 16 
834 380 398 106 
835 10 5 21 
836 33 31 32 
837 242 129 187 
838 4 4 1 
839 560 433 617 
840 11 18 1 
841 64 48 510 
842 2 1 3 
843 24 38 197 
844 6 5 23 
845 4 3 30 
846 45 85 154 
847 2 3 14 
848 3 2 1 
849 6 3 7 
850 30 19 7 
851 37 37 235 
852 12 10 4 
853 1 2 1 
854 1 1 1 
855 7 5 1 
856 44 78 59 
857 243 486 1521 
858 4 3 3 
859 1 2 1 
860 2 1 9 
861 125 96 270 
862 321 194 589 
863 662 1038 844 
864 16 14 37 
865 93 107 50 
866 7 9 1 
867 346 175 2194 
868 7 4 38 
869 113 200 779 
870 609 444 2911 
871 381 513 2540 
872 163 157 382 
873 1 1 1 
874 3 5 15 
875 102 192 217 
876 6 7 16 
877 1 2 1 
878 5 8 1 
879 2 4 1 
880 40 37 53 
881 222 270 1012 
882 9 14 10 
883 815 1329 254 
884 118 152 953 
885 92 49 196 
886 1 2 9 
887 25 18 22 
888 668 960 898 
889 37 19 5 
890 1 1 2 
891 2 3 1 
892 5 5 21 
893 259 172 1101 
894 20 19 3 
895 2 2 13 
896 515 275 2422 
897 485 806 1548 
898 4 4 3 
899 886 443 299 
900 160 95 61 
901 7 5 11 
902 53 38 51 
903 364 569 379 
904 4 5 28 
905 1 1 3 
906 3 1 1 
907 56 31 320 
908 4 6 8 
909 2 2 1 
910 100 53 17 
911 169 91 155 
912 29 31 124 
913 127 73 249 
914 48 89 14 
915 126 64 655 
916 9 18 13 
917 2 2 1 
918 1 1 1 
919 10 6 1 
920 4 4 24 
921 13 6 5 
922 8 10 13 
923 1 1 1 
924 2 3 12 
925 475 626 421 
926 177 184 24 
927 2 3 4 
928 1 1 1 
929 2 1 1 
930 37 35 12 
931 133 265 45 
932 8 5 4 
933 11 16 13 
934 142 78 34 
935 227 322 393 
936 21 38 59 
937 2 2 1 
938 2 1 4 
939 104 91 282 
940 2 1 2 
941 268 179 932 
942 5 4 10 
943 65 90 160 
944 13 13 2 
945 39 30 12 
946 38 45 199 
947 583 979 136 
948 44 55 264 
949 23 26 88 
950 37 18 49 
951 7 5 37 
952 6 7 1 
953 50 26 316 
954 1 1 8 
955 380 229 177 
956 2 2 1 
957 2 3 1 
958 18 33 25 
959 1 1 8 
960 10 7 13 
961 50 52 263 
962 758 1208 4750 
963 1 1 7 
964 313 244 1754 
965 58 33 430 
966 235 376 182 
967 107 181 82 
968 1 1 1 
969 23 19 165 
970 285 278 920 
971 45 69 227 
972 78 117 354 
973 4 4 3 
974 18 9 93 
975 73 129 62 
976 13 15 115 
977 68 97 25 
978 6 4 16 
979 125 148 273 
980 105 132 759 
981 1 1 7 
982 2 2 1 
983 5 9 12 
984 93 107 16 
985 141 80 322 
986 1 1 10 
987 114 204 257 
988 29 21 4 
989 1 1 1 
990 97 187 17 
991 6 8 9 
992 4 6 1 
993 9 12 24 
994 56 29 222 
995 1 1 1 
996 77 58 102 
997 135 142 691 
998 650 410 306 
999 249 431 369 
