nbLocalisations 50
nbRessources 3
nbMachines 50
nbProcessus 1000
nbServices 142
*******Machines*******
18 683 663 786 587 574 636
31 1059 1493 1635 840 1260 1311
20 3666 3422 2421 2853 2335 2311
17 3357 3483 13222 2772 2741 11054
7 2351 2838 7294 1865 2258 5697
41 1620 1962 3945 1411 1596 3391
14 6987 8003 17173 5144 7299 14984
21 3222 4076 7371 2823 2974 5521
34 2429 3127 3856 1735 2347 2721
26 2828 2979 2570 2262 2105 2306
27 1219 1299 2274 1169 1269 2110
40 3091 2685 6885 2615 2685 5539
5 4843 3542 4731 3218 3479 3364
1 2764 2914 3636 1940 2595 2464
36 3118 3733 8489 2850 2783 8172
0 3252 2943 4423 2571 1898 3371
13 3684 4875 8928 3585 3396 7015
19 1060 1169 1888 960 1112 1632
42 5165 6181 18845 4478 5234 15002
12 3051 3537 8531 2204 3424 5663
2 4842 6237 14191 3455 5543 9484
10 2196 2184 6139 2245 1572 5279
25 5719 6136 14737 5145 5618 12496
6 3664 3878 11109 2740 2935 8649
8 2749 3593 5617 2256 3674 4698
9 3885 3730 6740 3693 3349 5635
16 2662 3746 10069 2077 2723 7558
11 2147 2525 1631 1565 2203 1502
44 2842 2814 5332 2419 2753 4141
38 1922 1300 6387 1876 1158 5714
28 2512 2893 2950 1741 2541 2519
37 2411 2632 5621 1947 2792 4871
23 4534 6048 7890 4785 4282 5805
24 4891 5278 8216 3986 4719 6867
32 3369 4559 7813 3095 2973 6236
45 3817 3183 5998 3356 2896 5685
4 3173 3932 6140 2319 2841 4676
15 1864 2317 4295 1807 1650 3623
29 6928 8303 9894 4979 6277 9642
35 2341 2074 3522 2314 1964 2353
30 1709 2437 4348 1281 2147 3987
33 3429 3604 5752 2260 2501 4264
47 3191 2713 2174 2331 1757 1539
22 2763 3921 3542 2627 2988 3090
3 1355 1386 3090 1181 1244 2399
46 3820 4976 14236 2682 3901 12068
48 3645 4648 9539 2353 3384 7795
39 6071 7747 14882 5626 7444 12503
49 3376 3467 4780 3155 2957 4157
43 2134 3199 7145 1923 2422 5769
*******Services*******
10
15
37
1
22
4
27
16
4
9
2
25
3
14
36
1
4
0
24
1
9
24
5
8
2
7
6
17
8
1
7
3
5
0
0
2
1
10
1
2
3
2
0
3
0
2
2
2
1
0
0
1
1
0
1
1
3
2
0
7
0
1
0
1
0
1
2
0
3
0
0
1
0
4
1
1
0
0
2
0
1
1
1
1
0
0
1
0
0
1
0
0
1
0
1
0
0
0
2
0
0
0
0
0
0
0
0
0
0
0
0
0
0
0
0
0
0
0
0
0
0
0
0
0
0
0
0
0
0
0
0
0
0
0
0
0
0
0
0
0
0
0
*******Processus*******
21 35 62 194
8 32 20 51
17 5 4 15
59 26 15 60
8 5 3 51
17 414 713 879
2 185 132 51
30 4 9 3
27 391 296 1403
81 2 1 2
11 43 28 222
4 387 868 85
18 55 69 284
20 2 1 10
12 98 56 275
13 21 10 12
36 0 0 1
100 1 1 1
101 1 0 7
8 44 33 85
6 4 5 1
8 232 468 235
15 120 92 34
0 76 69 227
18 466 285 61
22 4 6 22
13 7 10 2
7 34 35 29
53 1 2 9
5 31 40 229
9 146 195 56
61 1 0 1
14 310 171 502
21 7 5 8
20 5 9 2
0 89 90 253
9 21 11 81
65 5 7 8
91 0 0 1
92 18 15 110
17 5 9 43
59 14 6 2
31 0 1 0
7 129 93 675
97 1 1 0
22 14 10 101
32 1 2 1
18 352 467 76
8 62 61 236
14 344 387 44
23 8 14 46
14 70 97 15
37 1 0 7
25 1 1 0
6 74 56 353
17 544 465 150
8 170 312 1071
27 5 6 11
16 240 278 1141
102 5 9 4
6 7 4 6
34 5 7 9
1 15 20 5
7 131 145 109
0 584 427 565
0 79 113 417
70 7 8 1
17 20 21 89
12 10 12 6
37 9 12 36
5 9 6 19
6 11 7 12
21 136 108 75
7 452 217 78
103 2 3 1
24 8 11 11
95 1 1 1
41 3 6 0
24 34 75 281
87 4 3 47
12 76 86 64
11 55 78 160
41 3 0 10
14 134 143 23
12 8 4 3
14 80 91 17
96 4 3 1
6 2 1 16
6 11 16 26
7 443 339 530
13 72 39 41
14 222 161 448
21 233 142 50
11 536 1180 243
13 102 88 134
14 8 18 19
0 702 492 250
16 240 480 39
74 1 1 2
20 17 14 61
2 147 136 786
21 23 47 12
13 47 91 363
28 0 0 7
67 5 4 0
21 1 1 1
0 53 44 269
22 15 21 4
17 23 22 5
23 3 5 7
1 147 112 501
30 81 99 123
5 3 1 20
2 72 93 101
2 69 111 38
12 65 89 229
39 4 9 0
6 22 17 8
1 145 298 174
41 1 1 5
34 8 12 3
7 355 606 2099
11 248 266 47
15 26 38 61
35 0 0 1
25 2 4 0
16 772 763 7210
6 46 33 46
6 27 23 23
13 52 37 9
66 0 1 0
1 172 202 58
12 51 21 354
92 3 4 4
62 0 1 1
9 65 77 9
18 93 54 422
18 117 139 442
39 0 1 10
14 215 117 84
104 4 9 1
9 98 162 135
84 4 2 16
13 6 9 37
57 0 0 1
10 3 6 7
3 473 299 142
2 109 109 28
6 41 54 26
1 120 162 809
32 1 1 0
18 431 512 1747
21 19 21 12
98 6 4 16
0 806 701 2399
13 25 32 198
9 70 54 294
49 2 2 25
5 25 37 23
7 265 427 349
40 21 37 10
4 815 1285 2684
2 209 271 65
9 200 386 420
64 4 2 2
6 16 12 10
39 4 1 17
78 1 1 2
39 3 3 1
1 76 78 16
14 6 4 3
1 130 192 200
18 381 184 1745
0 671 978 1963
11 403 256 198
2 16 9 14
17 177 266 24
8 98 56 198
6 59 45 133
27 1 1 0
17 310 529 228
32 8 9 11
34 584 865 386
7 618 879 138
105 1 0 8
29 4 4 2
6 92 120 12
7 142 74 788
18 48 82 6
12 109 60 19
59 2 1 6
67 0 0 1
18 21 21 5
13 222 157 437
17 19 14 73
106 2 1 1
64 0 1 4
21 702 1412 5027
17 18 17 3
42 1 1 6
11 351 690 794
20 3 2 1
7 229 152 286
30 13 12 77
20 15 15 8
23 19 11 2
14 16 12 42
16 454 363 1112
14 494 861 118
2 193 301 55
30 1 0 9
25 3 4 1
107 6 4 0
108 3 4 3
30 56 37 148
32 24 39 17
73 1 3 17
99 0 1 0
37 6 10 0
8 18 20 43
19 0 1 5
6 16 17 14
5 14 13 40
2 164 140 997
24 4 7 0
52 6 8 1
69 2 1 9
39 21 11 19
7 450 611 425
1 225 369 814
28 2 4 1
16 882 887 191
11 797 1230 405
9 73 117 110
38 1 1 1
15 1 0 1
17 50 52 31
28 1 0 3
21 395 276 1193
29 10 9 39
4 715 472 296
109 5 10 1
79 4 1 1
19 0 1 1
54 6 10 3
50 0 1 0
14 408 594 143
9 91 81 215
7 157 273 96
59 5 4 1
12 36 19 82
15 1 0 3
8 50 47 278
110 2 2 1
63 0 1 2
5 17 11 6
111 1 1 3
32 4 3 8
78 0 1 4
12 30 27 27
26 1 0 10
26 7 5 32
27 9 5 42
66 1 2 1
9 131 189 26
90 9 20 2
17 237 387 307
18 132 117 538
12 13 9 3
88 0 1 3
17 94 43 460
27 0 1 1
16 393 822 3310
18 390 253 608
80 0 0 1
34 1 0 1
30 1 1 0
14 78 187 493
0 698 642 3286
6 41 42 133
28 1 1 1
16 242 169 148
45 4 3 1
15 48 46 20
92 8 14 67
112 0 0 4
40 9 6 16
6 8 13 23
9 217 124 1588
16 494 333 79
113 1 1 1
30 19 8 19
39 37 46 99
14 341 471 75
4 335 218 87
14 118 204 41
6 0 1 9
12 47 40 11
4 227 120 49
6 22 29 100
12 8 16 39
114 1 1 2
9 33 21 16
37 6 9 34
11 236 149 33
15 17 18 14
7 354 337 550
18 600 819 1302
5 5 2 4
13 14 12 50
17 574 788 92
5 16 13 89
0 586 418 2034
45 2 1 1
7 544 731 2966
28 2 1 2
35 4 5 1
27 13 9 72
56 10 17 33
51 1 0 5
7 332 326 1489
15 3 4 3
83 14 19 22
14 51 85 15
115 1 1 1
9 18 25 10
5 28 27 54
13 11 29 2
8 32 49 47
22 0 3 0
116 2 1 13
7 238 213 390
31 2 0 1
13 114 148 33
0 574 923 127
12 6 10 7
16 53 109 113
7 451 906 3352
37 6 4 29
3 124 220 275
4 601 413 155
47 6 3 6
60 2 1 0
117 0 1 7
2 150 165 270
17 9 7 13
4 466 606 81
14 129 151 58
15 1 1 4
35 0 0 1
77 69 113 12
118 0 1 4
8 6 2 7
18 282 178 54
6 24 13 5
27 4 9 9
21 642 658 200
17 11 10 7
12 5 6 22
46 0 1 0
23 0 0 0
55 1 0 15
18 118 187 205
30 1 0 0
32 13 21 5
6 38 22 8
6 44 85 17
73 4 4 21
55 1 2 2
16 309 391 642
65 1 3 1
119 1 0 1
73 24 38 5
21 15 17 50
69 2 4 0
17 93 160 107
9 14 8 10
46 2 1 1
21 65 125 25
11 246 131 48
2 234 172 115
16 184 174 542
14 136 268 222
0 48 31 355
2 50 46 163
11 274 418 568
0 808 691 139
28 29 61 3
6 18 25 3
9 49 59 9
14 23 20 1223
23 56 41 378
12 6 11 33
0 442 326 268
34 1 0 0
16 213 132 86
12 11 9 3
6 31 25 6
8 18 19 4
31 1 0 1
17 50 104 106
61 0 0 2
71 1 1 1
45 7 6 54
16 678 498 151
32 9 11 3
9 169 79 22
11 184 278 384
10 8 5 5
7 84 53 375
7 32 63 34
12 35 18 17
0 507 459 428
42 6 13 18
7 154 109 35
51 3 6 2
99 0 0 0
97 0 0 9
83 2 3 2
21 5 2 30
16 55 93 216
77 0 1 0
14 19 31 9
68 1 4 2
31 6 6 0
24 2 5 1
11 154 267 205
120 1 0 0
13 14 14 25
17 165 173 1225
13 20 32 4
4 589 989 3385
4 781 469 1946
4 63 44 283
4 61 100 282
90 1 1 7
18 68 49 292
20 31 28 101
26 48 22 6
18 45 40 41
72 1 3 1
24 0 1 1
11 438 356 331
94 0 2 0
7 114 89 151
2 215 115 1071
7 496 320 1947
14 22 16 3
25 18 19 5
21 56 69 9
15 215 187 44
7 125 91 161
8 108 66 34
53 1 1 4
30 2 2 7
12 107 80 37
71 1 0 0
17 135 158 31
121 0 0 0
0 69 52 221
4 63 119 19
6 3 4 7
2 184 108 939
12 0 0 0
40 6 4 3
13 73 82 518
17 109 165 69
0 444 824 780
49 6 12 3
122 1 1 1
123 0 0 0
6 6 6 1
21 15 28 4
13 70 96 237
50 2 2 1
4 47 65 138
12 42 58 13
32 3 3 1
27 9 11 24
20 13 8 40
14 163 144 1533
16 216 210 33
13 13 10 10
22 36 49 73
19 1 1 7
20 1 1 1
13 8 13 8
29 640 343 236
7 53 63 125
59 1 2 1
24 7 9 5
124 1 0 1
26 1 1 3
6 9 11 8
78 3 6 9
35 0 2 0
7 19 29 29
3 46 71 296
11 396 469 73
80 1 1 2
14 11 20 4
21 100 48 25
50 0 0 1
18 149 125 62
125 3 3 1
25 404 243 729
43 11 14 2
7 137 235 843
84 1 0 2
27 2 4 0
0 61 30 142
13 41 32 105
89 2 0 0
12 40 41 34
18 222 138 432
17 359 376 70
8 37 32 124
7 368 281 91
25 10 20 4
47 4 9 10
6 8 8 74
11 49 77 116
17 246 334 55
4 413 290 724
86 19 13 17
37 9 21 25
29 119 163 542
23 6 6 8
59 1 1 1
4 78 123 194
8 12 11 81
13 1 2 11
99 0 1 14
30 3 5 1
14 47 49 44
82 1 1 5
2 154 191 396
45 1 2 1
17 103 59 27
2 157 156 96
5 13 26 2
14 342 545 271
0 83 90 413
68 4 1 0
56 0 1 6
14 61 44 21
1 335 508 226
13 91 180 146
2 31 33 162
92 15 10 131
126 24 48 11
59 1 3 4
9 22 14 160
0 657 403 357
127 1 0 1
5 8 17 42
0 566 449 129
20 14 18 2
21 77 48 102
1 175 179 81
0 821 719 124
17 28 48 63
28 3 4 21
20 31 23 7
12 33 41 4
2 228 300 102
4 82 42 177
30 14 11 12
128 0 2 5
2 62 59 103
37 33 47 20
12 15 22 3
49 0 0 1
12 33 45 13
14 2 2 9
6 14 14 27
14 487 758 281
18 105 73 434
5 0 0 4
22 64 108 459
20 6 4 18
56 0 1 4
8 63 83 174
8 15 29 2
129 1 1 4
0 83 68 429
4 46 36 293
6 62 75 145
69 1 0 0
27 7 4 1
130 0 1 1
14 171 174 22
6 22 31 9
6 15 14 4
37 2 2 1
6 4 3 1
6 153 160 159
17 224 185 98
25 1 0 3
27 0 1 0
8 14 26 6
11 82 89 364
53 14 18 10
9 17 16 3
4 88 53 111
16 79 75 511
51 2 3 1
5 2 5 2
26 34 25 92
6 11 19 3
58 11 8 20
1 286 462 379
51 2 2 0
87 8 7 11
0 581 1199 329
14 211 112 60
0 63 68 464
43 0 0 11
6 19 27 90
52 0 1 1
18 481 362 439
10 30 48 27
28 4 7 6
12 10 5 36
8 11 8 30
26 4 5 2
18 186 204 446
1 346 315 630
6 21 15 78
96 1 2 3
131 15 20 41
27 10 5 11
13 12 6 105
86 2 1 0
37 1 0 0
8 144 226 21
48 2 1 8
28 2 2 24
18 599 558 162
17 80 88 69
1 61 98 46
17 100 49 156
11 829 383 173
0 171 150 49
16 196 147 71
12 87 166 13
39 0 1 0
12 18 13 118
4 54 39 172
74 0 0 2
7 107 100 270
23 13 24 6
8 9 16 10
13 64 71 180
47 1 0 0
18 361 210 286
17 14 9 5
20 29 16 40
0 514 689 373
13 72 59 55
51 2 1 14
7 391 776 212
72 3 3 5
0 78 88 290
25 6 7 1
11 601 1060 589
48 10 17 37
42 29 56 58
12 4 3 23
6 43 35 30
2 167 101 674
3 288 289 174
13 184 207 402
12 17 14 8
96 1 1 1
47 9 14 3
13 67 62 10
21 54 35 281
93 1 2 0
26 4 8 30
21 146 102 58
14 28 50 160
8 19 20 8
20 5 4 0
8 104 66 65
41 18 9 3
39 49 71 96
14 255 277 33
14 31 21 159
17 25 19 89
25 5 9 1
2 141 220 38
9 57 101 6
7 136 126 19
0 375 275 86
8 16 21 6
12 27 23 6
6 48 34 296
7 70 42 379
37 4 5 0
73 5 4 42
32 5 7 1
132 7 9 6
133 2 3 9
2 45 26 32
43 0 0 1
98 2 4 2
7 44 90 329
29 4 10 1
2 168 229 797
12 15 8 58
6 33 53 10
89 4 3 31
21 16 10 20
21 12 9 3
18 180 195 61
3 430 316 117
95 2 2 1
14 161 190 257
11 482 792 114
4 433 657 518
21 397 508 100
6 74 97 339
58 1 0 2
11 60 67 77
13 72 68 19
14 44 32 87
45 41 49 49
12 44 66 63
12 1 0 1
98 7 7 7
73 2 1 1
6 27 18 12
1 117 125 18
12 42 46 38
1 68 85 40
57 0 0 1
14 26 47 143
6 92 56 668
32 0 0 2
66 31 38 30
93 8 11 44
17 15 11 40
2 70 40 367
13 109 76 20
29 22 15 71
32 14 31 103
0 974 538 444
68 2 3 1
20 18 14 2
21 7 4 14
0 680 744 1035
23 11 6 2
21 2 1 1
14 75 49 196
14 150 228 135
2 269 308 511
4 167 229 369
43 24 14 169
6 24 27 3
14 23 25 4
14 82 54 68
50 0 1 1
51 0 0 12
24 16 26 112
62 0 1 0
18 153 180 488
6 113 101 127
18 645 1036 250
6 74 53 168
76 2 1 9
0 736 775 855
14 34 17 5
7 183 249 83
17 13 17 100
134 1 3 2
14 247 407 1051
135 17 17 61
12 16 21 58
20 3 1 26
2 161 197 59
136 6 4 2
37 4 2 2
46 16 21 21
66 8 5 26
11 65 108 530
1 260 204 636
18 674 517 463
7 26 37 24
16 375 482 313
5 16 7 45
88 6 8 1
2 91 58 107
7 244 342 56
6 8 5 0
5 1 0 0
91 27 33 26
17 421 417 492
9 50 53 9
8 106 84 48
2 73 169 67
16 629 722 680
2 26 52 2
3 220 116 212
7 170 302 310
57 3 4 13
18 759 412 796
21 289 208 49
13 66 65 13
12 12 6 10
33 1 2 1
32 9 8 27
66 1 1 2
7 162 84 61
8 189 88 22
17 360 170 68
9 26 17 23
17 347 660 1991
40 0 1 4
44 5 3 6
137 2 1 10
18 643 793 4827
68 3 8 2
17 120 66 17
6 34 18 3
26 0 0 3
39 4 1 7
12 9 17 38
14 55 65 273
85 0 0 0
27 53 61 207
5 46 62 45
17 200 241 27
11 430 550 72
20 8 5 59
8 90 170 28
138 1 1 1
7 123 108 99
32 45 34 390
14 33 32 34
54 9 8 16
11 243 425 870
9 107 60 300
6 43 33 91
0 725 1452 212
12 20 11 10
14 65 63 385
21 259 519 554
27 1 1 1
11 372 292 889
73 8 15 2
45 3 4 26
29 2 2 1
23 79 59 625
21 8 8 7
13 42 46 29
56 7 10 6
11 539 867 1071
21 5 7 8
33 0 1 0
7 233 538 1650
26 2 5 1
37 1 1 6
4 827 612 119
12 9 9 4
0 665 343 612
12 5 8 16
85 1 1 0
14 19 9 47
6 23 15 12
37 2 1 3
11 329 315 662
5 20 14 72
38 0 0 1
14 16 15 138
14 80 98 72
20 8 7 2
76 1 1 1
139 24 21 10
27 12 12 84
1 40 26 257
75 1 2 1
82 1 0 3
18 90 85 15
15 5 5 5
20 18 13 101
0 828 476 226
4 586 787 245
76 1 1 0
3 217 160 179
23 193 98 351
4 550 569 448
39 5 5 21
9 28 30 139
8 145 264 25
7 75 41 15
37 12 12 11
60 5 4 13
65 9 13 84
12 68 72 14
23 456 588 208
7 0 0 3
51 19 18 15
45 1 4 2
27 405 347 191
39 4 2 3
12 3 8 10
21 37 26 5
27 28 27 5
8 56 43 20
2 322 335 53
12 12 13 5
12 155 95 462
20 59 46 383
27 93 72 531
13 45 53 193
7 275 162 988
13 4 3 0
37 3 2 5
2 84 57 638
9 124 65 129
140 0 1 2
9 205 125 77
13 58 101 72
4 408 393 566
28 1 1 2
18 50 46 200
28 40 26 39
81 1 0 2
3 162 164 421
7 176 407 453
2 197 98 333
32 0 1 1
13 5 4 38
36 2 1 2
44 2 3 1
23 1 1 0
32 24 41 51
53 0 2 0
2 113 140 558
11 451 247 75
11 371 282 73
30 0 0 5
17 594 489 3938
7 268 283 38
13 16 9 1
21 26 37 21
26 5 5 12
56 18 9 46
2 303 265 149
20 6 2 7
23 3 1 1
2 217 225 62
70 1 1 0
59 0 1 3
28 15 10 3
94 2 4 6
20 4 3 18
15 2 0 0
39 0 0 1
4 769 390 247
21 55 75 146
9 361 200 1678
2 34 56 238
49 4 4 8
79 1 1 6
22 19 31 15
12 90 148 63
59 1 1 1
11 150 69 284
20 8 9 1
18 81 47 294
13 2 5 1
12 5 5 0
20 4 5 0
92 2 1 6
21 19 38 9
12 0 0 0
18 474 590 374
141 17 16 8
18 438 205 1129
9 175 195 611
17 18 19 8
5 12 9 53
75 7 4 2
2 1 3 0
1 179 259 49
21 333 516 455
3 427 284 169
5 26 23 56
17 24 45 22
27 16 11 3
41 44 84 263
9 129 101 142
5 35 24 32
1 95 101 614
63 0 1 3
28 13 13 21
2 32 37 4
13 21 10 6
