nbLocalisations 4
nbRessources 2
nbMachines 4
nbProcessus 100
nbServices 79
*******Machines*******
2 6630 6483 5593 5515
3 4332 4659 4075 3484
1 4819 6951 3415 5754
0 5959 8031 5386 6480
*******Services*******
3
0
0
1
1
1
1
0
0
1
0
0
0
0
0
0
0
0
0
0
0
0
0
0
0
0
0
0
0
0
0
0
0
0
0
0
0
0
0
0
0
0
0
0
0
0
0
0
0
0
0
0
0
0
0
0
0
0
0
0
0
0
0
0
0
0
0
0
0
0
0
0
0
0
0
0
0
0
0
*******Processus*******
10 0 0
11 340 348
12 0 0
13 2 2
7 174 310
7 188 178
14 71 132
15 6 8
4 73 96
16 2 2
3 47 36
17 20 23
18 8 6
19 12 14
20 3 2
21 0 0
22 1 2
23 56 67
24 9 8
25 0 0
26 14 11
8 38 35
27 1 0
4 47 86
28 48 41
29 120 232
30 559 327
31 1 0
32 338 244
33 104 186
2 180 354
8 28 44
34 0 0
35 40 71
36 156 310
37 164 240
38 332 472
39 11 11
6 85 124
3 81 68
40 22 19
41 104 62
9 3 2
9 6 5
42 21 28
43 4 4
44 0 0
2 295 463
5 1 2
1 1 1
45 1 1
46 0 0
1 50 38
47 4 6
1 8 6
48 1 0
49 0 0
0 596 599
50 476 852
51 63 73
52 3 2
53 120 177
3 27 17
54 44 24
4 110 126
9 0 0
55 108 132
56 106 99
57 59 68
0 455 665
58 11 9
0 518 703
59 8 12
60 0 0
61 422 490
62 7 7
63 0 0
64 0 0
65 51 37
66 0 0
67 164 133
68 255 472
3 139 84
69 0 0
70 141 144
0 5 9
71 14 14
72 331 194
73 0 0
6 5 9
74 405 268
75 173 148
76 267 340
2 125 80
7 357 419
77 319 639
78 98 148
1 20 11
5 8 5
4 20 14
